%  columns="iteration, evaluation, void, void, void, xmean" (startseed=208333, 2020/03/26 11:12:11.34)
0 1 0 0 0 6.323592e-01 9.754040e-02 2.784982e-01 5.468815e-01 9.575068e-01 9.648885e-01 1.576131e-01 9.705928e-01 9.571669e-01 4.853756e-01 8.002805e-01 1.418863e-01 4.217613e-01 9.157355e-01 7.922073e-01 9.594924e-01 6.557407e-01 3.571168e-02 8.491293e-01 9.339932e-01 6.787352e-01 7.577401e-01 7.431325e-01 3.922270e-01 
1 14 0 0 0 5.716696e-01 5.698090e-03 3.065004e-01 5.742878e-01 7.357384e-01 8.296881e-01 2.657733e-01 7.099157e-01 9.196277e-01 8.992805e-01 7.455428e-01 -7.024579e-02 4.095783e-01 1.157191e+00 8.607772e-01 7.989477e-01 4.638309e-01 1.358093e-01 5.603329e-01 1.150597e+00 5.028268e-01 7.220697e-01 7.342721e-01 3.725610e-01 
2 27 0 0 0 6.442010e-01 -4.639050e-02 2.994627e-01 5.194154e-01 9.334433e-01 1.029239e+00 1.012181e-01 1.000295e+00 9.292808e-01 9.511777e-01 6.311704e-01 -9.361183e-02 6.169247e-01 1.201723e+00 7.596964e-01 8.417484e-01 5.060879e-01 1.447449e-01 6.396850e-01 9.069949e-01 5.053951e-01 6.465351e-01 6.841742e-01 4.380362e-01 
3 40 0 0 0 6.846020e-01 -1.196837e-02 5.375202e-01 7.320838e-01 9.806688e-01 8.030689e-01 1.813715e-01 8.478040e-01 8.515773e-01 8.731695e-01 7.848875e-01 -9.228737e-02 5.363756e-01 1.140556e+00 7.609289e-01 9.266739e-01 6.125423e-01 1.572302e-01 8.927975e-01 6.475326e-01 4.166662e-01 6.385046e-01 7.087717e-01 3.573026e-01 
4 53 0 0 0 8.487864e-01 1.639195e-01 4.715125e-01 6.178206e-01 1.039496e+00 8.277753e-01 2.595139e-01 9.855153e-01 7.072422e-01 8.530648e-01 7.376426e-01 -1.118257e-01 7.149007e-01 1.108085e+00 5.650949e-01 8.778287e-01 5.367534e-01 1.529107e-01 8.715392e-01 6.293452e-01 2.852355e-01 7.073075e-01 7.470394e-01 4.066183e-01 
5 66 0 0 0 8.530060e-01 3.432295e-01 4.813121e-01 6.808361e-01 1.058874e+00 9.392700e-01 3.388098e-01 1.036024e+00 6.018105e-01 5.653008e-01 9.427558e-01 -6.398586e-03 5.421581e-01 1.063917e+00 4.770380e-01 8.357396e-01 4.131995e-01 5.638634e-02 8.670157e-01 4.456878e-01 2.237945e-01 8.147188e-01 7.680811e-01 4.695047e-01 
6 79 0 0 0 8.208786e-01 3.276875e-01 4.921352e-01 6.690456e-01 1.064993e+00 9.494058e-01 3.241272e-01 9.875569e-01 6.620205e-01 5.483430e-01 8.091766e-01 2.183828e-02 6.340406e-01 1.077035e+00 5.209397e-01 6.285136e-01 4.412776e-01 9.289665e-02 8.783272e-01 6.493968e-01 2.622076e-01 6.984243e-01 7.688426e-01 3.183229e-01 
7 92 0 0 0 6.618734e-01 4.764425e-01 6.155213e-01 7.051255e-01 9.678058e-01 9.421524e-01 2.696652e-01 9.857903e-01 6.233692e-01 5.721039e-01 8.750112e-01 2.034304e-01 5.976973e-01 1.160216e+00 5.231001e-01 7.302199e-01 3.291945e-01 6.163144e-02 8.819000e-01 4.838051e-01 3.244473e-01 5.834889e-01 6.166194e-01 4.330666e-01 
8 105 0 0 0 7.365149e-01 5.782715e-01 5.118240e-01 7.202046e-01 7.617827e-01 8.406217e-01 2.360687e-01 9.942343e-01 6.455497e-01 5.214843e-01 1.024526e+00 -4.129517e-02 6.496529e-01 1.175408e+00 5.372244e-01 6.824050e-01 4.712734e-01 2.953126e-02 9.025180e-01 4.266213e-01 1.785842e-01 6.892550e-01 6.375727e-01 4.641958e-01 
9 118 0 0 0 6.450081e-01 6.373874e-01 4.510764e-01 8.794017e-01 5.904846e-01 8.465674e-01 1.130283e-01 9.523468e-01 8.832744e-01 5.952380e-01 1.088016e+00 7.518434e-02 4.460744e-01 1.124083e+00 5.271342e-01 6.563958e-01 4.001028e-01 -9.891764e-02 9.796187e-01 5.454261e-01 2.434915e-01 7.115822e-01 5.843204e-01 4.506477e-01 
10 131 0 0 0 7.933748e-01 7.222099e-01 4.700792e-01 7.439409e-01 5.454654e-01 8.470336e-01 1.583078e-01 1.072890e+00 9.609789e-01 6.272330e-01 1.035752e+00 1.208818e-01 4.815224e-01 1.052004e+00 5.660120e-01 7.100802e-01 4.200445e-01 3.398254e-02 8.637822e-01 5.483026e-01 1.150747e-01 7.424303e-01 3.924840e-01 4.960617e-01 
11 144 0 0 0 7.723705e-01 6.825188e-01 4.516390e-01 7.655366e-01 5.393364e-01 9.511360e-01 2.631283e-01 1.203172e+00 1.012122e+00 5.603496e-01 9.854041e-01 1.650837e-01 4.496320e-01 1.114510e+00 6.134487e-01 6.613478e-01 1.968086e-01 3.504678e-02 8.405233e-01 5.594906e-01 8.552189e-02 8.316394e-01 2.382453e-01 5.055713e-01 
12 157 0 0 0 8.398945e-01 7.852131e-01 5.134925e-01 7.695035e-01 4.790734e-01 9.562326e-01 2.240803e-01 1.138859e+00 9.015190e-01 6.099058e-01 1.211387e+00 2.407020e-01 6.277822e-01 9.924117e-01 6.008730e-01 7.494541e-01 2.259700e-02 -2.058859e-02 8.286796e-01 5.300351e-01 8.182074e-02 8.203052e-01 1.234893e-01 5.160299e-01 
13 170 0 0 0 8.146429e-01 8.008401e-01 4.403269e-01 7.943265e-01 2.982186e-01 1.155036e+00 3.320953e-01 1.048029e+00 9.297194e-01 6.005398e-01 1.278457e+00 2.337391e-01 6.381339e-01 1.010710e+00 4.535628e-01 6.261769e-01 2.545344e-02 -1.020857e-01 8.024649e-01 4.879316e-01 1.022370e-01 6.855845e-01 2.056809e-01 5.147056e-01 
14 183 0 0 0 8.875811e-01 6.382277e-01 3.964975e-01 6.743118e-01 1.781228e-01 1.301666e+00 3.070546e-01 9.826412e-01 1.024309e+00 6.644405e-01 1.276921e+00 1.637485e-01 5.992453e-01 1.021520e+00 3.999666e-01 6.248443e-01 -1.568916e-01 -9.834678e-02 8.772329e-01 5.509044e-01 7.611021e-02 7.498337e-01 2.358783e-01 4.606142e-01 
15 196 0 0 0 7.677051e-01 7.020277e-01 1.961438e-01 7.072743e-01 2.247940e-01 1.272497e+00 3.532193e-01 9.289787e-01 9.983231e-01 5.501029e-01 1.195691e+00 8.810478e-02 5.449430e-01 1.206297e+00 3.691594e-01 6.488092e-01 -1.339498e-02 -8.257711e-02 8.581183e-01 4.919291e-01 1.302612e-01 6.767096e-01 1.653661e-01 5.583654e-01 
16 209 0 0 0 7.228749e-01 7.128765e-01 1.522662e-01 7.054263e-01 3.153774e-01 1.159722e+00 2.751591e-01 1.018693e+00 1.114372e+00 6.901445e-01 1.079048e+00 2.880957e-01 5.415791e-01 9.694928e-01 3.733062e-01 5.839474e-01 1.363175e-01 -2.418575e-01 8.588196e-01 5.472719e-01 1.145658e-01 7.146685e-01 1.778556e-01 6.844377e-01 
17 222 0 0 0 7.527779e-01 8.534479e-01 1.509329e-01 5.720177e-01 3.142186e-01 1.191536e+00 3.580196e-01 1.059581e+00 1.075711e+00 6.576676e-01 1.135211e+00 3.844911e-01 4.532743e-01 9.536838e-01 3.281383e-01 5.776321e-01 7.826272e-02 -2.610779e-01 9.248313e-01 5.339503e-01 6.916113e-02 8.749712e-01 -4.609951e-02 6.817233e-01 
18 235 0 0 0 5.159975e-01 8.901466e-01 4.672677e-02 5.454113e-01 4.601382e-01 1.220627e+00 3.711885e-01 1.004076e+00 1.023307e+00 7.141681e-01 1.128008e+00 3.357201e-01 5.642757e-01 1.015541e+00 2.638210e-01 5.850491e-01 9.502667e-02 -6.585956e-02 9.190664e-01 6.263442e-01 4.607511e-02 1.051135e+00 -1.687473e-01 7.170482e-01 
19 248 0 0 0 6.260177e-01 8.937858e-01 1.771318e-01 5.049048e-01 5.052267e-01 1.283200e+00 4.335895e-01 8.242005e-01 1.021584e+00 6.985499e-01 1.138569e+00 3.609622e-01 6.997165e-01 1.023152e+00 3.440254e-01 6.294506e-01 2.456021e-01 -5.631503e-02 8.635926e-01 6.222573e-01 1.487880e-01 1.094576e+00 -1.342415e-01 6.477272e-01 
20 261 0 0 0 7.129306e-01 1.093865e+00 1.143277e-01 4.207513e-01 5.404711e-01 1.275899e+00 3.535890e-01 7.135203e-01 9.964935e-01 6.984196e-01 9.904241e-01 4.150144e-01 8.243233e-01 1.094639e+00 3.405950e-01 5.994888e-01 2.026602e-01 -1.063156e-01 7.709336e-01 5.648008e-01 2.061002e-01 1.055751e+00 -2.651747e-02 5.829223e-01 
21 274 0 0 0 6.103032e-01 1.267237e+00 4.453862e-04 3.915915e-01 5.304446e-01 1.218984e+00 3.144168e-01 5.760344e-01 8.924130e-01 6.654809e-01 1.000386e+00 3.510650e-01 8.241828e-01 9.928820e-01 2.448679e-01 5.290636e-01 2.161219e-01 -1.434475e-01 7.247009e-01 4.980417e-01 2.341051e-01 1.006201e+00 -2.454532e-01 5.262644e-01 
22 287 0 0 0 7.350404e-01 1.144847e+00 1.675666e-01 4.448814e-01 5.878844e-01 1.143454e+00 3.292820e-01 4.207636e-01 7.804164e-01 7.366280e-01 9.683728e-01 2.551120e-01 8.554808e-01 8.373881e-01 1.447704e-01 5.308962e-01 1.700432e-01 -1.817689e-01 7.893320e-01 5.431170e-01 9.642865e-02 1.133891e+00 -2.413603e-01 3.446548e-01 
23 300 0 0 0 9.819436e-01 1.150698e+00 1.646695e-01 5.969265e-01 6.245595e-01 1.157939e+00 3.560226e-01 4.074556e-01 7.588814e-01 7.548297e-01 9.579671e-01 3.142331e-01 9.507985e-01 7.959198e-01 1.260854e-01 5.149234e-01 2.370211e-01 -9.355164e-02 5.940946e-01 5.080800e-01 6.321353e-02 1.035173e+00 -2.334504e-01 3.513134e-01 
24 313 0 0 0 9.651216e-01 1.189696e+00 3.029016e-01 5.721322e-01 7.106803e-01 1.070577e+00 3.926340e-01 2.942371e-01 7.350679e-01 8.399024e-01 8.293457e-01 3.534521e-01 8.006899e-01 7.365024e-01 1.289696e-01 5.917622e-01 1.318228e-01 3.201255e-02 4.115826e-01 5.778606e-01 1.457164e-01 1.057954e+00 -2.976197e-01 5.068294e-01 
25 326 0 0 0 9.805733e-01 1.257716e+00 2.571888e-01 3.208592e-01 8.008751e-01 1.068546e+00 3.789651e-01 3.110373e-01 7.107525e-01 9.319300e-01 9.751045e-01 3.728168e-01 8.632181e-01 7.159669e-01 2.080781e-01 4.476815e-01 8.681142e-03 1.005302e-01 3.675238e-01 6.239439e-01 1.995606e-01 1.215992e+00 -1.181351e-01 4.777931e-01 
26 339 0 0 0 9.752710e-01 1.164925e+00 2.930554e-01 3.498039e-01 7.203945e-01 1.183859e+00 3.370719e-01 3.773789e-01 6.135223e-01 9.145357e-01 9.397669e-01 3.460825e-01 9.255056e-01 7.313779e-01 3.943670e-01 5.847276e-01 -2.050395e-02 1.282707e-01 2.653128e-01 6.477911e-01 1.605490e-01 1.087423e+00 -1.203610e-01 4.942592e-01 
27 352 0 0 0 1.083079e+00 1.112776e+00 2.050102e-01 9.215108e-02 7.152499e-01 1.038202e+00 3.534962e-01 4.926141e-01 6.078877e-01 8.302858e-01 8.787065e-01 4.355959e-01 8.686730e-01 7.330664e-01 5.112381e-01 7.326625e-01 2.399248e-02 -9.536104e-02 3.054500e-01 4.709449e-01 2.754612e-01 1.059645e+00 -1.612172e-01 3.826688e-01 
28 365 0 0 0 1.168626e+00 1.205593e+00 3.214600e-01 2.404756e-01 6.831871e-01 1.177557e+00 3.914203e-01 2.676872e-01 8.328289e-01 1.035063e+00 7.426909e-01 3.088479e-01 9.133516e-01 6.113710e-01 6.186463e-01 6.823838e-01 -9.977079e-02 -8.450505e-02 2.743826e-01 5.263295e-01 3.611636e-01 1.007702e+00 -1.734880e-01 4.543769e-01 
29 378 0 0 0 1.050657e+00 1.387184e+00 2.172619e-01 1.646550e-01 6.352496e-01 1.288898e+00 4.055012e-01 1.638415e-01 9.491075e-01 1.126876e+00 7.067717e-01 1.229116e-01 9.464511e-01 5.178618e-01 8.421640e-01 7.810831e-01 -2.630483e-02 2.688684e-02 2.579854e-01 5.805774e-01 5.746037e-01 1.030558e+00 -2.565797e-02 4.745370e-01 
30 391 0 0 0 1.046978e+00 1.173688e+00 3.646527e-01 1.576561e-02 7.388898e-01 1.303044e+00 5.251098e-01 3.178856e-01 9.681259e-01 1.155717e+00 6.482846e-01 -7.601396e-02 8.731725e-01 4.338114e-01 1.019917e+00 8.985887e-01 4.016195e-02 1.117602e-02 1.656372e-01 5.689153e-01 6.352668e-01 1.022467e+00 -9.198543e-03 3.149475e-01 
31 404 0 0 0 1.073600e+00 1.106051e+00 4.769943e-01 6.267113e-02 8.569740e-01 1.338721e+00 4.936320e-01 1.614146e-01 1.048212e+00 9.684952e-01 5.475116e-01 -1.709211e-01 9.452340e-01 4.384367e-01 1.098719e+00 9.714647e-01 6.696244e-02 -1.867703e-02 3.906719e-02 5.079702e-01 7.000023e-01 8.102569e-01 8.510735e-02 4.222892e-01 
32 417 0 0 0 7.882379e-01 1.076612e+00 4.487681e-01 1.256319e-01 9.860684e-01 1.421881e+00 5.540630e-01 7.492892e-02 1.096372e+00 9.667364e-01 4.675975e-01 -4.675434e-02 6.962207e-01 5.163147e-01 1.159369e+00 1.124565e+00 -2.285830e-02 -6.709325e-02 1.434248e-01 4.225043e-01 7.532619e-01 7.790801e-01 2.601454e-03 4.489961e-01 
33 430 0 0 0 8.435577e-01 1.056482e+00 3.042431e-01 2.612056e-01 9.560889e-01 1.311777e+00 3.027063e-01 1.422326e-01 9.949347e-01 8.698476e-01 5.060075e-01 8.235946e-02 5.592295e-01 6.548863e-01 1.035218e+00 1.109078e+00 3.281156e-02 7.553357e-02 1.089654e-01 4.374943e-01 5.780064e-01 8.576270e-01 4.059004e-02 5.480249e-01 
34 443 0 0 0 7.546740e-01 1.029968e+00 1.916073e-01 3.943611e-01 9.606118e-01 1.266948e+00 2.868792e-01 3.616480e-01 9.109278e-01 1.055884e+00 5.795059e-01 8.282294e-02 6.064913e-01 6.099128e-01 9.820418e-01 1.108939e+00 8.700411e-02 2.657831e-02 4.009738e-02 4.918373e-01 5.635212e-01 9.090848e-01 2.485681e-03 6.885649e-01 
35 456 0 0 0 7.220153e-01 9.510379e-01 2.036550e-01 3.659693e-01 1.095383e+00 1.276887e+00 3.598039e-01 4.906902e-01 9.194393e-01 1.090184e+00 5.120238e-01 5.545123e-02 6.692380e-01 7.552408e-01 9.701614e-01 1.109140e+00 1.677088e-01 1.434404e-01 6.473681e-02 5.093949e-01 6.230787e-01 9.130196e-01 -4.888830e-02 8.050707e-01 
36 469 0 0 0 6.123857e-01 8.440193e-01 2.100419e-01 2.687843e-01 1.114026e+00 1.256281e+00 3.613804e-01 4.871374e-01 8.422443e-01 1.151792e+00 5.733365e-01 1.179825e-01 6.985101e-01 8.460448e-01 8.506262e-01 1.062243e+00 2.388959e-01 -1.365303e-02 -1.373337e-01 4.386026e-01 7.330352e-01 9.101592e-01 1.692632e-04 6.818495e-01 
37 482 0 0 0 5.752495e-01 1.030748e+00 2.438162e-01 3.176342e-01 1.143807e+00 1.319579e+00 4.136528e-01 5.318164e-01 8.111625e-01 1.193966e+00 7.692154e-01 2.522102e-01 6.201187e-01 1.055487e+00 8.621498e-01 1.034264e+00 3.379637e-01 -1.240396e-02 9.187406e-02 5.570259e-01 6.912885e-01 8.653406e-01 7.339779e-02 8.062666e-01 
38 495 0 0 0 5.538119e-01 1.043835e+00 2.502150e-01 3.290739e-01 1.125251e+00 1.348174e+00 3.709861e-01 3.459032e-01 7.778500e-01 1.262806e+00 8.516305e-01 2.544987e-01 6.306320e-01 1.047276e+00 7.601340e-01 9.558005e-01 3.791224e-01 -9.966529e-02 6.985502e-02 5.538995e-01 6.135425e-01 9.369977e-01 -9.461981e-02 9.779532e-01 
39 508 0 0 0 4.128807e-01 1.003178e+00 3.083727e-01 2.233100e-01 1.073508e+00 1.179049e+00 3.728743e-01 4.558913e-01 6.256852e-01 1.229484e+00 8.180516e-01 3.677438e-01 5.226769e-01 1.058729e+00 7.154751e-01 9.888470e-01 4.077705e-01 -1.993383e-01 6.429097e-02 6.105454e-01 7.199843e-01 9.519650e-01 -2.600335e-01 9.972459e-01 
40 521 0 0 0 3.748552e-01 8.766315e-01 2.246754e-01 1.574252e-01 1.123607e+00 1.220868e+00 3.537612e-01 2.688647e-01 6.868492e-01 1.149037e+00 8.140478e-01 4.062527e-01 4.204200e-01 1.047416e+00 8.039971e-01 1.135959e+00 5.084644e-01 -2.046251e-01 -1.265122e-01 6.193288e-01 7.825566e-01 9.526555e-01 -1.098903e-01 8.484713e-01 
41 534 0 0 0 2.699344e-01 8.180196e-01 2.717268e-01 2.290787e-01 1.091401e+00 1.224989e+00 3.852120e-01 1.894209e-01 6.887315e-01 1.220684e+00 6.930464e-01 4.105456e-01 4.670669e-01 9.834426e-01 7.939936e-01 1.069642e+00 4.268150e-01 -5.130899e-02 -2.264505e-01 6.222677e-01 8.210721e-01 7.559379e-01 -9.503979e-02 8.576066e-01 
42 547 0 0 0 3.070733e-01 8.284637e-01 3.575740e-01 2.353469e-01 1.011436e+00 1.143150e+00 3.715883e-01 2.149524e-01 7.929033e-01 1.181596e+00 7.848541e-01 3.199973e-01 3.389359e-01 1.064465e+00 7.183506e-01 1.057935e+00 5.308705e-01 -1.244917e-01 -1.365047e-01 6.643824e-01 7.999427e-01 6.671998e-01 -1.252537e-01 7.143128e-01 
43 560 0 0 0 1.658040e-01 8.693237e-01 2.427668e-01 3.295239e-01 1.171368e+00 1.039193e+00 3.312169e-01 1.634296e-01 6.392729e-01 1.120533e+00 9.071821e-01 4.001910e-01 3.026030e-01 9.799161e-01 7.210071e-01 1.051751e+00 5.353865e-01 -1.532776e-01 -2.516613e-01 7.450332e-01 9.582016e-01 7.676782e-01 -8.642685e-02 8.278908e-01 
44 573 0 0 0 1.569482e-01 7.562131e-01 3.272939e-01 3.976893e-01 1.163133e+00 8.445723e-01 3.572438e-01 7.800576e-02 6.726124e-01 1.129040e+00 9.000473e-01 5.323637e-01 3.209239e-01 6.794379e-01 6.918188e-01 9.611526e-01 5.901656e-01 -1.351158e-01 -2.717341e-01 7.277551e-01 8.941607e-01 8.141811e-01 -9.450935e-02 9.271329e-01 
45 586 0 0 0 1.684356e-01 7.257153e-01 2.605296e-01 4.797908e-01 1.000673e+00 8.723551e-01 2.991121e-01 6.079652e-02 6.608380e-01 9.846543e-01 9.957219e-01 5.230980e-01 4.552604e-01 6.577430e-01 6.871359e-01 1.194532e+00 5.744924e-01 -1.035947e-01 -2.597956e-01 5.477180e-01 8.385397e-01 8.136378e-01 -6.371805e-02 1.033330e+00 
46 599 0 0 0 2.321378e-01 6.527739e-01 1.985730e-01 4.281745e-01 1.026350e+00 8.032558e-01 3.813960e-01 1.409081e-01 7.419925e-01 9.767559e-01 9.467855e-01 3.856511e-01 4.344717e-01 5.571823e-01 7.051328e-01 1.221618e+00 7.041151e-01 -5.816425e-02 -1.439144e-01 5.744204e-01 9.889986e-01 7.727886e-01 -7.119077e-02 8.902724e-01 
47 612 0 0 0 1.874199e-01 6.678801e-01 2.512631e-01 2.086068e-01 9.860294e-01 7.293101e-01 2.691423e-01 1.300917e-01 8.946050e-01 9.268919e-01 8.691092e-01 3.596794e-01 4.104756e-01 5.386119e-01 8.084934e-01 1.164340e+00 7.888382e-01 -5.175144e-02 -1.761112e-01 5.928972e-01 1.069423e+00 7.843133e-01 3.955434e-02 8.847951e-01 
48 625 0 0 0 2.809584e-01 5.916707e-01 2.853203e-01 2.890040e-01 1.099330e+00 7.037504e-01 2.578199e-01 7.238456e-02 7.564055e-01 9.165721e-01 7.280475e-01 3.054734e-01 3.082249e-01 5.574117e-01 7.608691e-01 1.124756e+00 9.690495e-01 -2.215403e-01 -1.639276e-01 5.569812e-01 9.662185e-01 8.761478e-01 -9.302552e-03 1.002597e+00 
49 638 0 0 0 1.444999e-01 6.163749e-01 3.109701e-01 2.044770e-01 1.055139e+00 8.064573e-01 3.077254e-01 3.090474e-02 8.429978e-01 1.036200e+00 9.069707e-01 3.773129e-01 2.865855e-01 7.363230e-01 7.840889e-01 1.131552e+00 1.000400e+00 -2.545677e-01 -1.728410e-01 6.028906e-01 1.053447e+00 7.559900e-01 -1.656266e-02 8.919705e-01 
50 651 0 0 0 2.790700e-02 5.887303e-01 2.400638e-01 2.201360e-01 1.218128e+00 8.832150e-01 3.485450e-01 -8.715327e-02 7.157855e-01 1.050899e+00 9.033101e-01 4.129608e-01 2.715025e-01 6.506131e-01 8.921898e-01 1.193039e+00 9.967214e-01 -3.230859e-01 -2.330366e-01 6.100519e-01 1.083934e+00 8.967090e-01 -6.639736e-02 9.160955e-01 
51 664 0 0 0 -1.164587e-01 6.435269e-01 1.930225e-01 1.675221e-01 1.134470e+00 8.916172e-01 3.425123e-01 -7.995970e-02 8.410182e-01 9.752769e-01 8.287665e-01 4.363674e-01 2.628435e-01 6.384644e-01 8.673915e-01 1.106067e+00 9.273984e-01 -3.285530e-01 -1.609802e-01 7.221978e-01 1.050709e+00 1.096822e+00 -1.344360e-01 9.535420e-01 
52 677 0 0 0 -8.895315e-02 6.052051e-01 1.639953e-01 1.267918e-02 1.092747e+00 8.710715e-01 2.446057e-01 -1.000533e-01 7.826052e-01 9.682211e-01 8.181447e-01 4.446247e-01 2.586866e-01 6.115007e-01 7.951438e-01 1.108098e+00 8.902017e-01 -3.174288e-01 -1.744879e-01 7.000647e-01 1.148071e+00 1.069151e+00 -4.622912e-02 8.938237e-01 
53 690 0 0 0 -1.157683e-01 5.960263e-01 1.778743e-01 5.722863e-02 1.058900e+00 8.533044e-01 3.370915e-01 -1.274244e-02 7.747752e-01 8.435756e-01 8.141877e-01 5.479380e-01 1.901621e-01 5.210398e-01 8.664851e-01 1.098887e+00 8.046010e-01 -4.002875e-01 -1.542982e-01 5.857263e-01 1.102796e+00 1.086363e+00 -1.456236e-02 8.970089e-01 
54 703 0 0 0 -1.733661e-01 5.305577e-01 3.339416e-01 8.705555e-02 1.036236e+00 8.992007e-01 3.310084e-01 7.022528e-02 8.413869e-01 7.945831e-01 8.664834e-01 6.501428e-01 1.833202e-01 5.618112e-01 8.452207e-01 1.160441e+00 7.359301e-01 -4.323134e-01 -2.343777e-01 5.997912e-01 1.213576e+00 1.123286e+00 -4.055981e-03 8.243582e-01 
55 716 0 0 0 -1.295408e-01 6.455461e-01 3.268109e-01 1.942318e-01 1.089317e+00 9.400083e-01 3.548677e-01 -7.920201e-04 7.982601e-01 9.042732e-01 8.945688e-01 6.070955e-01 2.749243e-01 6.503865e-01 8.325982e-01 1.080956e+00 6.803904e-01 -2.963940e-01 -2.683656e-01 6.488767e-01 1.079182e+00 1.077374e+00 2.915113e-02 8.620932e-01 
56 729 0 0 0 -1.216901e-01 5.443406e-01 3.781560e-01 2.110875e-01 1.101310e+00 1.004122e+00 3.486710e-01 1.031075e-01 7.024531e-01 8.693659e-01 9.343319e-01 6.783803e-01 2.902412e-01 6.140804e-01 8.028584e-01 1.116076e+00 6.337969e-01 -3.583678e-01 -3.529735e-01 6.466920e-01 9.609565e-01 1.071268e+00 -3.235539e-02 8.204766e-01 
57 742 0 0 0 -1.753349e-01 4.230846e-01 3.780622e-01 2.091576e-01 1.072277e+00 1.117025e+00 3.367172e-01 8.788898e-02 6.669118e-01 9.039872e-01 8.800738e-01 6.570464e-01 2.042904e-01 6.425331e-01 7.702972e-01 1.145021e+00 6.464229e-01 -3.067161e-01 -3.738793e-01 7.066734e-01 9.059699e-01 1.074645e+00 -6.988484e-02 7.619818e-01 
58 755 0 0 0 -1.236781e-01 3.268851e-01 4.149931e-01 2.127879e-01 9.399379e-01 1.020106e+00 3.270409e-01 1.373361e-01 6.226656e-01 8.714754e-01 8.835355e-01 5.589397e-01 1.941831e-01 6.176540e-01 7.738848e-01 1.127807e+00 5.880504e-01 -3.063945e-01 -4.369039e-01 7.412936e-01 9.219841e-01 1.070519e+00 -4.114723e-02 7.246928e-01 
59 768 0 0 0 -7.640004e-02 2.775211e-01 3.552678e-01 1.347674e-01 1.006809e+00 9.806013e-01 3.440393e-01 1.127300e-01 5.765694e-01 8.802242e-01 9.808725e-01 6.143017e-01 1.898088e-01 6.770002e-01 7.075812e-01 1.059565e+00 5.621396e-01 -1.635232e-01 -3.919282e-01 7.601504e-01 8.348903e-01 1.106203e+00 -9.728070e-02 7.576708e-01 
60 781 0 0 0 -5.142081e-02 3.406065e-01 3.679681e-01 1.253654e-01 9.372461e-01 1.029236e+00 3.282690e-01 6.038767e-02 6.130172e-01 8.317106e-01 1.082284e+00 6.779451e-01 1.760996e-01 6.137219e-01 7.161689e-01 1.162315e+00 4.556381e-01 -1.336318e-01 -3.690874e-01 7.199502e-01 7.362841e-01 1.081383e+00 -1.106145e-01 8.113842e-01 
61 794 0 0 0 -5.459942e-03 4.092529e-01 3.140628e-01 2.202719e-01 9.751137e-01 1.044693e+00 3.528219e-01 3.573860e-02 5.644326e-01 8.001447e-01 1.013818e+00 5.570579e-01 2.022576e-01 5.998665e-01 8.129367e-01 1.145801e+00 5.049703e-01 -1.749504e-01 -4.571750e-01 6.506328e-01 7.815872e-01 1.042036e+00 -1.378859e-01 7.730449e-01 
62 807 0 0 0 3.011021e-02 4.690813e-01 3.932603e-01 1.752363e-01 9.265774e-01 9.850306e-01 3.353106e-01 5.383392e-03 6.263297e-01 8.110553e-01 1.049568e+00 5.392353e-01 2.235501e-01 5.848586e-01 8.056951e-01 1.095280e+00 4.765127e-01 -1.673155e-01 -4.159301e-01 5.970024e-01 8.853536e-01 1.063461e+00 -1.728114e-01 7.909614e-01 
63 820 0 0 0 8.715414e-02 4.058840e-01 4.207433e-01 1.318208e-01 9.146756e-01 1.006601e+00 3.846707e-01 1.044023e-01 6.200362e-01 8.527119e-01 1.055812e+00 5.790411e-01 2.817521e-01 6.320963e-01 8.807204e-01 1.116522e+00 4.770112e-01 -1.217890e-01 -3.973376e-01 5.759058e-01 8.685648e-01 9.920555e-01 -1.776119e-01 8.125334e-01 
64 833 0 0 0 8.672869e-02 4.347105e-01 4.614957e-01 1.527941e-01 9.104226e-01 9.212687e-01 3.198791e-01 4.864608e-02 5.790189e-01 8.541134e-01 1.012451e+00 5.852584e-01 2.545231e-01 6.809861e-01 8.141294e-01 1.054465e+00 5.470159e-01 -1.040204e-01 -3.482575e-01 5.041408e-01 7.747080e-01 9.820342e-01 -1.979974e-01 8.146874e-01 
65 846 0 0 0 9.183302e-02 4.258287e-01 3.330391e-01 1.524019e-01 9.614111e-01 9.035652e-01 3.668082e-01 5.390876e-02 6.190001e-01 8.554790e-01 1.005550e+00 6.525857e-01 2.226783e-01 6.582860e-01 8.037120e-01 1.078358e+00 4.961327e-01 -1.505022e-01 -2.911678e-01 5.662710e-01 8.028086e-01 9.785797e-01 -2.213061e-01 8.333923e-01 
66 859 0 0 0 1.040099e-01 4.563210e-01 3.121931e-01 1.220007e-01 1.004768e+00 9.700990e-01 3.580403e-01 -6.875227e-03 5.605095e-01 7.499902e-01 9.957049e-01 6.543287e-01 1.943840e-01 5.870127e-01 7.373468e-01 1.042122e+00 5.022784e-01 -1.358643e-01 -3.032656e-01 4.897663e-01 8.833648e-01 8.996318e-01 -1.923934e-01 8.740779e-01 
67 872 0 0 0 5.777294e-02 4.479972e-01 2.780602e-01 2.239702e-01 1.053835e+00 9.511037e-01 3.154815e-01 7.964485e-02 6.465927e-01 8.186296e-01 9.584119e-01 6.075838e-01 1.443954e-01 5.365192e-01 7.574192e-01 1.002034e+00 5.524506e-01 -1.500696e-01 -2.604926e-01 5.084056e-01 9.747321e-01 9.363616e-01 -1.438050e-01 9.049121e-01 
68 885 0 0 0 1.963843e-02 4.382908e-01 3.462548e-01 1.912267e-01 1.091012e+00 9.383260e-01 2.997701e-01 1.490393e-02 6.677695e-01 7.483518e-01 9.589729e-01 5.955210e-01 1.271377e-01 4.849181e-01 7.506722e-01 1.008573e+00 5.747808e-01 -1.805841e-01 -2.752080e-01 4.745516e-01 9.379551e-01 9.567532e-01 -8.872392e-02 8.319370e-01 
69 898 0 0 0 -3.039353e-02 4.742798e-01 3.591759e-01 2.497529e-01 1.056309e+00 9.442699e-01 2.993187e-01 6.960737e-02 6.772142e-01 8.213681e-01 9.346649e-01 5.609016e-01 1.554578e-01 4.625778e-01 8.384983e-01 9.802490e-01 5.910806e-01 -1.326391e-01 -2.815120e-01 4.293185e-01 9.437537e-01 9.693958e-01 -8.847094e-02 8.750729e-01 
70 911 0 0 0 1.004028e-03 4.840402e-01 3.743623e-01 3.019944e-01 1.063248e+00 1.010604e+00 3.334424e-01 8.642902e-02 6.919722e-01 8.424907e-01 9.628271e-01 5.272785e-01 1.764186e-01 4.689845e-01 8.157254e-01 1.006769e+00 6.716056e-01 -1.160319e-01 -2.769469e-01 4.305372e-01 9.389804e-01 8.813271e-01 -8.516123e-02 8.124695e-01 
71 924 0 0 0 -2.135995e-02 4.630287e-01 3.758939e-01 2.628556e-01 9.922755e-01 9.956862e-01 3.331064e-01 1.114013e-01 6.354646e-01 8.504927e-01 9.667968e-01 5.848048e-01 2.303250e-01 5.494738e-01 8.427839e-01 9.995134e-01 6.751403e-01 -1.134855e-01 -2.854686e-01 4.838238e-01 9.052114e-01 9.309313e-01 -1.300214e-01 8.154720e-01 
72 937 0 0 0 -4.659901e-02 4.503478e-01 3.505768e-01 2.511694e-01 9.417544e-01 9.583694e-01 3.682259e-01 1.094124e-01 6.237797e-01 8.830224e-01 9.946941e-01 5.424708e-01 1.699026e-01 5.102297e-01 8.779977e-01 9.570322e-01 6.323468e-01 -8.607577e-02 -2.741729e-01 4.221800e-01 8.883789e-01 8.796913e-01 -1.080270e-01 8.633744e-01 
73 950 0 0 0 -8.132947e-02 5.139893e-01 2.964971e-01 2.661952e-01 8.958010e-01 9.824963e-01 3.880817e-01 1.583609e-01 5.365236e-01 9.099983e-01 1.023729e+00 6.038801e-01 9.162759e-02 5.442232e-01 8.824159e-01 9.483858e-01 6.470037e-01 -6.632090e-02 -2.297621e-01 4.305881e-01 9.099456e-01 8.440622e-01 -8.998369e-02 9.292444e-01 
74 963 0 0 0 -9.325084e-02 5.288803e-01 3.179033e-01 3.307742e-01 9.117158e-01 9.932867e-01 3.859234e-01 2.349833e-01 5.569840e-01 8.868578e-01 1.024406e+00 4.966248e-01 7.879413e-02 5.646645e-01 9.272121e-01 9.686146e-01 6.375840e-01 -5.566680e-02 -2.369837e-01 5.653016e-01 9.292126e-01 7.501833e-01 -4.471118e-03 9.282355e-01 
75 976 0 0 0 -8.481410e-02 5.576717e-01 3.566330e-01 3.299118e-01 9.784916e-01 1.009961e+00 3.673755e-01 1.742591e-01 6.034011e-01 8.947359e-01 1.037102e+00 4.936250e-01 7.803047e-02 5.870351e-01 8.805871e-01 9.443422e-01 6.673775e-01 -8.314581e-02 -2.268238e-01 5.663547e-01 9.553070e-01 7.532275e-01 3.054341e-02 9.177580e-01 
76 989 0 0 0 5.251209e-02 5.472401e-01 3.252551e-01 3.399152e-01 9.149680e-01 9.489934e-01 3.678380e-01 1.798847e-01 5.895427e-01 9.058938e-01 1.047799e+00 5.187765e-01 1.105138e-01 5.903048e-01 8.167798e-01 8.941702e-01 6.277324e-01 -6.168536e-02 -2.220665e-01 5.442185e-01 1.003610e+00 7.438250e-01 -1.921806e-02 9.341385e-01 
77 1002 0 0 0 7.849915e-02 5.851977e-01 3.616194e-01 3.924170e-01 9.298341e-01 9.608776e-01 3.642945e-01 2.356322e-01 5.522717e-01 8.745127e-01 1.032198e+00 5.221810e-01 8.172220e-02 6.230236e-01 8.451081e-01 8.837780e-01 6.435564e-01 -1.026435e-01 -2.633160e-01 5.472885e-01 9.948901e-01 7.779036e-01 5.081876e-03 9.188821e-01 
78 1015 0 0 0 1.085727e-01 5.846103e-01 3.770155e-01 4.208269e-01 8.659979e-01 1.044309e+00 3.584972e-01 2.738209e-01 5.848948e-01 8.525006e-01 1.034375e+00 5.278021e-01 1.491612e-01 6.252678e-01 8.486395e-01 8.549853e-01 5.840817e-01 -5.306677e-02 -3.283719e-01 4.978960e-01 9.394088e-01 6.704166e-01 -4.820104e-03 9.177256e-01 
79 1028 0 0 0 6.962189e-02 5.405900e-01 3.083175e-01 4.610604e-01 8.500004e-01 1.036610e+00 3.842512e-01 3.291398e-01 5.334271e-01 8.695026e-01 1.053177e+00 5.129729e-01 1.399757e-01 6.050215e-01 8.489030e-01 8.810921e-01 6.459120e-01 -6.343931e-02 -3.419591e-01 5.480236e-01 9.559266e-01 6.535085e-01 -4.606288e-02 8.992374e-01 
80 1041 0 0 0 1.607528e-01 5.637260e-01 2.529829e-01 4.760527e-01 8.097492e-01 1.038563e+00 3.851656e-01 3.166441e-01 5.527813e-01 8.736231e-01 1.003519e+00 5.217074e-01 8.198259e-02 5.947668e-01 8.009265e-01 8.450615e-01 6.122055e-01 -1.207353e-01 -3.587573e-01 5.899006e-01 9.685057e-01 6.974925e-01 -5.646932e-02 9.216376e-01 
81 1054 0 0 0 1.819026e-01 5.623710e-01 2.268834e-01 4.772234e-01 8.822320e-01 9.709806e-01 3.738727e-01 3.105543e-01 5.077647e-01 8.051796e-01 1.010270e+00 4.688362e-01 7.956177e-02 6.144908e-01 7.717498e-01 8.020333e-01 5.837459e-01 -8.569147e-02 -3.221577e-01 5.525790e-01 9.581635e-01 6.625251e-01 -1.000554e-01 9.085754e-01 
82 1067 0 0 0 1.297147e-01 5.450916e-01 2.151618e-01 5.243766e-01 8.467656e-01 9.801325e-01 3.456699e-01 2.954432e-01 5.544210e-01 8.436712e-01 1.053544e+00 4.930854e-01 9.323719e-02 6.198687e-01 8.015157e-01 7.844923e-01 4.959371e-01 -1.107408e-01 -3.433487e-01 5.187896e-01 9.207535e-01 6.793479e-01 -1.099695e-01 9.722288e-01 
83 1080 0 0 0 4.894570e-02 6.328677e-01 2.145351e-01 5.502814e-01 9.092098e-01 9.596702e-01 3.685861e-01 2.910573e-01 5.478258e-01 8.276051e-01 9.906675e-01 4.884891e-01 6.037744e-02 5.211571e-01 8.055280e-01 8.094820e-01 4.911364e-01 -1.247238e-01 -3.362522e-01 5.394200e-01 9.299884e-01 6.787894e-01 -1.303547e-01 9.226919e-01 
84 1093 0 0 0 9.152125e-02 6.326166e-01 2.062156e-01 5.299611e-01 9.159162e-01 9.650589e-01 3.964827e-01 2.467139e-01 5.388379e-01 8.474688e-01 1.048305e+00 4.900068e-01 7.808240e-02 5.079988e-01 7.719042e-01 8.041361e-01 4.823222e-01 -1.482476e-01 -3.544168e-01 4.810387e-01 8.911480e-01 6.469678e-01 -2.000460e-01 9.207963e-01 
85 1106 0 0 0 1.540044e-01 6.171937e-01 2.416456e-01 5.476353e-01 9.357858e-01 9.118401e-01 3.717720e-01 2.740303e-01 4.957020e-01 8.779058e-01 1.033500e+00 5.338612e-01 9.747520e-02 5.160935e-01 7.784086e-01 7.739466e-01 4.507115e-01 -1.542384e-01 -3.327423e-01 4.526391e-01 8.836815e-01 6.298515e-01 -2.370413e-01 9.317984e-01 
86 1119 0 0 0 2.306531e-01 6.384065e-01 1.935449e-01 5.512117e-01 9.430831e-01 8.624814e-01 3.597475e-01 2.665202e-01 4.872728e-01 8.800545e-01 9.763335e-01 5.293983e-01 9.697702e-02 5.111667e-01 7.930239e-01 7.617498e-01 3.838164e-01 -2.007071e-01 -3.410446e-01 4.782882e-01 8.535176e-01 6.270117e-01 -2.497201e-01 9.218988e-01 
87 1132 0 0 0 1.597494e-01 6.110880e-01 1.713464e-01 5.296935e-01 9.403138e-01 8.765495e-01 3.527686e-01 2.417985e-01 5.170431e-01 8.558992e-01 1.006705e+00 5.422843e-01 1.314087e-01 5.275955e-01 8.474028e-01 7.892096e-01 4.017178e-01 -1.912856e-01 -2.861782e-01 4.602765e-01 8.342609e-01 5.990010e-01 -2.876761e-01 8.783229e-01 
88 1145 0 0 0 1.230283e-01 6.236841e-01 1.905056e-01 5.141824e-01 9.662508e-01 8.379011e-01 3.446328e-01 2.056509e-01 5.601111e-01 7.897743e-01 9.788251e-01 6.141791e-01 9.377059e-02 5.445850e-01 8.604336e-01 8.054276e-01 4.418053e-01 -1.926312e-01 -2.563776e-01 4.452176e-01 7.909772e-01 6.526000e-01 -3.286002e-01 9.229966e-01 
89 1158 0 0 0 7.425979e-02 6.119364e-01 1.738262e-01 4.942673e-01 9.089133e-01 7.948287e-01 3.495373e-01 2.313821e-01 6.023895e-01 7.756974e-01 9.842755e-01 6.392634e-01 6.590634e-02 5.240710e-01 8.235500e-01 8.049629e-01 4.022836e-01 -2.038260e-01 -2.493701e-01 4.675358e-01 7.910575e-01 6.809395e-01 -3.330639e-01 9.615364e-01 
90 1171 0 0 0 9.434746e-02 5.558958e-01 1.833524e-01 5.044708e-01 9.754694e-01 8.290828e-01 3.398702e-01 2.547574e-01 5.808962e-01 7.965996e-01 9.646659e-01 6.570219e-01 8.675888e-03 5.163699e-01 8.115470e-01 8.382148e-01 4.597174e-01 -2.242206e-01 -2.469113e-01 5.303150e-01 8.204892e-01 6.560083e-01 -3.385316e-01 9.395450e-01 
91 1184 0 0 0 9.008948e-02 5.228028e-01 2.035632e-01 4.473089e-01 9.471231e-01 8.453690e-01 3.501968e-01 2.349811e-01 5.614206e-01 8.281333e-01 9.900542e-01 6.450717e-01 1.155591e-01 5.862173e-01 8.476485e-01 8.421580e-01 4.836760e-01 -2.243274e-01 -2.183448e-01 5.532845e-01 8.215857e-01 5.839948e-01 -3.476195e-01 1.012174e+00 
92 1197 0 0 0 7.868891e-02 5.564124e-01 2.206700e-01 4.739806e-01 9.752272e-01 8.890118e-01 3.885324e-01 2.594706e-01 5.724634e-01 8.172384e-01 9.811781e-01 6.468929e-01 9.960823e-02 5.879626e-01 8.374128e-01 8.639693e-01 4.972361e-01 -2.230020e-01 -2.557788e-01 5.599239e-01 8.390227e-01 6.095470e-01 -3.050719e-01 9.861510e-01 
93 1210 0 0 0 6.590109e-02 5.067423e-01 2.366472e-01 4.759561e-01 1.012618e+00 8.895345e-01 3.849517e-01 2.783291e-01 5.878823e-01 8.239190e-01 1.001567e+00 6.420973e-01 5.125865e-02 5.443992e-01 8.307959e-01 9.216607e-01 4.986235e-01 -2.154725e-01 -2.028087e-01 5.345977e-01 8.010294e-01 6.027655e-01 -2.861562e-01 1.000994e+00 
94 1223 0 0 0 8.962217e-02 5.805982e-01 2.542056e-01 5.075386e-01 9.623568e-01 8.521323e-01 3.618389e-01 2.602043e-01 6.107399e-01 8.480783e-01 1.005760e+00 6.559802e-01 1.076072e-01 5.536047e-01 8.316993e-01 9.470462e-01 5.287576e-01 -2.258837e-01 -1.652342e-01 5.504733e-01 7.483691e-01 6.240172e-01 -3.042386e-01 9.868469e-01 
95 1236 0 0 0 1.438584e-01 6.026757e-01 2.086490e-01 4.741640e-01 9.972464e-01 8.492728e-01 3.411778e-01 2.388406e-01 5.934493e-01 8.520153e-01 9.749723e-01 7.128004e-01 7.730209e-02 5.128509e-01 8.278229e-01 9.755470e-01 5.112303e-01 -2.219144e-01 -2.138439e-01 5.403550e-01 7.701491e-01 5.915185e-01 -3.639747e-01 9.900202e-01 
96 1249 0 0 0 9.378682e-02 5.802951e-01 2.478261e-01 4.879812e-01 1.010583e+00 8.731035e-01 3.591954e-01 2.347228e-01 5.680798e-01 9.141252e-01 9.598542e-01 7.269248e-01 1.028046e-01 4.680342e-01 8.075450e-01 9.895684e-01 4.938922e-01 -1.774758e-01 -1.823851e-01 5.370569e-01 7.731714e-01 5.970645e-01 -3.108326e-01 9.918699e-01 
97 1262 0 0 0 1.057408e-01 5.466411e-01 2.240007e-01 5.240276e-01 1.002193e+00 8.607771e-01 3.590529e-01 2.673606e-01 5.499543e-01 8.705668e-01 9.716833e-01 7.380066e-01 8.692306e-02 5.004746e-01 8.038397e-01 9.686252e-01 4.467988e-01 -1.605488e-01 -1.598976e-01 5.603524e-01 7.123697e-01 6.085723e-01 -3.586711e-01 1.022102e+00 
98 1275 0 0 0 1.162973e-01 5.666053e-01 2.117061e-01 5.251887e-01 1.051973e+00 8.950202e-01 3.603755e-01 2.678324e-01 5.457149e-01 8.957020e-01 9.440273e-01 7.544643e-01 1.181952e-01 5.188015e-01 8.035885e-01 9.959016e-01 4.211465e-01 -1.535834e-01 -1.426245e-01 5.639849e-01 7.089571e-01 5.941559e-01 -3.492568e-01 1.019789e+00 
99 1288 0 0 0 8.678858e-02 5.540581e-01 2.166623e-01 5.296710e-01 1.011837e+00 9.023800e-01 3.707439e-01 2.463036e-01 5.445904e-01 9.231551e-01 9.147245e-01 7.583881e-01 1.477185e-01 5.282081e-01 8.025481e-01 1.014662e+00 3.800142e-01 -1.516679e-01 -1.746928e-01 5.793175e-01 6.945894e-01 6.148105e-01 -3.707134e-01 1.032727e+00 
100 1301 0 0 0 6.894406e-02 5.275628e-01 2.524108e-01 4.947100e-01 1.037220e+00 8.901659e-01 3.652959e-01 2.025196e-01 5.442254e-01 9.041919e-01 8.852483e-01 7.377539e-01 1.603109e-01 4.928235e-01 8.473334e-01 1.037481e+00 3.786324e-01 -1.904955e-01 -1.752961e-01 5.701706e-01 7.056943e-01 6.271755e-01 -3.517087e-01 1.045599e+00 
101 1314 0 0 0 9.139427e-02 5.207517e-01 2.406511e-01 4.766627e-01 1.042686e+00 9.106482e-01 3.504618e-01 1.999438e-01 5.283400e-01 9.073171e-01 8.770094e-01 7.303768e-01 1.607681e-01 4.526715e-01 8.061122e-01 1.036398e+00 4.240191e-01 -2.205377e-01 -1.860171e-01 5.701347e-01 7.383734e-01 6.333989e-01 -3.766482e-01 1.015132e+00 
102 1327 0 0 0 5.320656e-02 5.392190e-01 2.428676e-01 4.897826e-01 1.063557e+00 9.348225e-01 3.588240e-01 2.331807e-01 5.160838e-01 8.691089e-01 8.086358e-01 7.351551e-01 1.493684e-01 4.537334e-01 8.087398e-01 1.068461e+00 4.462411e-01 -2.204594e-01 -1.758693e-01 5.829441e-01 7.454467e-01 5.994899e-01 -3.559273e-01 1.030801e+00 
103 1340 0 0 0 5.210424e-02 5.754802e-01 2.673694e-01 4.605494e-01 1.029868e+00 9.514976e-01 3.564853e-01 2.132662e-01 4.960288e-01 8.871019e-01 8.679816e-01 7.063402e-01 1.547810e-01 4.813346e-01 8.073968e-01 1.070466e+00 4.211229e-01 -2.098892e-01 -1.721473e-01 5.489145e-01 6.912959e-01 5.881238e-01 -3.865113e-01 1.005248e+00 
104 1353 0 0 0 -2.128874e-02 4.749174e-01 2.679585e-01 4.523786e-01 1.042236e+00 9.441068e-01 3.687605e-01 2.125497e-01 4.737809e-01 8.952092e-01 8.392637e-01 7.000797e-01 1.595510e-01 4.743858e-01 8.131660e-01 1.112577e+00 4.229993e-01 -1.893326e-01 -1.470636e-01 5.508836e-01 7.051078e-01 5.704061e-01 -3.723869e-01 1.017383e+00 
105 1366 0 0 0 -4.410868e-02 4.983994e-01 2.407082e-01 4.387427e-01 1.057553e+00 9.031731e-01 3.533907e-01 1.820919e-01 4.666596e-01 8.803159e-01 8.526854e-01 7.005883e-01 1.298077e-01 4.642172e-01 8.192310e-01 1.114796e+00 3.994031e-01 -1.865962e-01 -1.467550e-01 5.309157e-01 7.089207e-01 6.097576e-01 -3.877045e-01 1.024108e+00 
106 1379 0 0 0 -5.121605e-02 4.709739e-01 2.033551e-01 4.108312e-01 1.025878e+00 8.843711e-01 3.700174e-01 2.082968e-01 4.602394e-01 8.775189e-01 8.835970e-01 7.158436e-01 1.250844e-01 4.568264e-01 8.036111e-01 1.129773e+00 4.002591e-01 -1.962874e-01 -1.121860e-01 5.047751e-01 7.092302e-01 6.052847e-01 -4.064055e-01 1.035986e+00 
107 1392 0 0 0 -3.755979e-02 4.497640e-01 1.786225e-01 3.733215e-01 1.038708e+00 8.680422e-01 3.570385e-01 1.960312e-01 5.006468e-01 8.540340e-01 8.258173e-01 7.037037e-01 8.467086e-02 4.378237e-01 7.747860e-01 1.097052e+00 3.734469e-01 -1.989468e-01 -1.168794e-01 5.609907e-01 7.108637e-01 6.443913e-01 -3.741949e-01 1.016725e+00 
108 1405 0 0 0 -6.935143e-02 4.317425e-01 2.099638e-01 3.977889e-01 1.018734e+00 8.894469e-01 3.718956e-01 2.315734e-01 4.892701e-01 9.110356e-01 8.197581e-01 6.869810e-01 8.216039e-02 4.363175e-01 7.664925e-01 1.090764e+00 3.494392e-01 -2.066319e-01 -9.564796e-02 5.241447e-01 7.113217e-01 6.564404e-01 -3.814255e-01 1.024766e+00 
109 1418 0 0 0 -6.934184e-02 4.156629e-01 1.944661e-01 4.148346e-01 1.065358e+00 8.998069e-01 3.629344e-01 1.988450e-01 4.870919e-01 8.791134e-01 8.330104e-01 6.551842e-01 9.037347e-02 4.556931e-01 7.951304e-01 1.135593e+00 3.860399e-01 -2.120378e-01 -9.645523e-02 5.282953e-01 7.054867e-01 6.392950e-01 -3.364233e-01 9.914403e-01 
110 1431 0 0 0 -5.491289e-02 3.878633e-01 2.514231e-01 3.969591e-01 1.046684e+00 9.462731e-01 3.562970e-01 1.670232e-01 4.676746e-01 8.416492e-01 8.062793e-01 6.445771e-01 8.465738e-02 4.456498e-01 7.808895e-01 1.143080e+00 4.038533e-01 -2.485173e-01 -1.208901e-01 5.709397e-01 7.267867e-01 6.608163e-01 -3.353776e-01 9.648186e-01 
111 1444 0 0 0 -1.938180e-02 3.861871e-01 2.317056e-01 3.978344e-01 1.060275e+00 9.178722e-01 3.677185e-01 1.516583e-01 4.285830e-01 8.024531e-01 7.949506e-01 6.927717e-01 7.551984e-02 4.720840e-01 7.661881e-01 1.167083e+00 4.086543e-01 -2.569071e-01 -1.352802e-01 5.841052e-01 7.371945e-01 6.551879e-01 -3.461585e-01 9.404722e-01 
112 1457 0 0 0 -2.144417e-02 3.908815e-01 2.477507e-01 4.130557e-01 1.069774e+00 8.915431e-01 3.697651e-01 1.445085e-01 4.286766e-01 7.841235e-01 7.801812e-01 6.814954e-01 7.876175e-02 4.396180e-01 7.793141e-01 1.124776e+00 4.052222e-01 -2.396950e-01 -1.464643e-01 5.536264e-01 7.328517e-01 6.621836e-01 -3.392987e-01 9.391960e-01 
113 1470 0 0 0 -2.375884e-02 4.128133e-01 2.207689e-01 4.297967e-01 1.056320e+00 9.110621e-01 3.790480e-01 1.806515e-01 4.282479e-01 7.774165e-01 8.032497e-01 6.943265e-01 4.708278e-02 4.434619e-01 7.802383e-01 1.106277e+00 4.091494e-01 -2.731279e-01 -1.395324e-01 5.684226e-01 7.301314e-01 6.491513e-01 -3.589773e-01 9.522922e-01 
114 1483 0 0 0 -4.083516e-02 4.726270e-01 2.192866e-01 4.529225e-01 1.048272e+00 9.235171e-01 3.729740e-01 1.679975e-01 4.363839e-01 7.776882e-01 8.278026e-01 6.889878e-01 2.689439e-02 4.606750e-01 7.875827e-01 1.081430e+00 4.273347e-01 -2.742275e-01 -1.549908e-01 5.756961e-01 7.282877e-01 6.497867e-01 -3.261095e-01 9.849362e-01 
115 1496 0 0 0 -1.559919e-02 4.715125e-01 2.075976e-01 4.623198e-01 1.039610e+00 9.201155e-01 3.734742e-01 1.797770e-01 4.215825e-01 7.881419e-01 8.457498e-01 6.892232e-01 1.778055e-02 4.272574e-01 7.997802e-01 1.079988e+00 4.469747e-01 -2.802547e-01 -1.717399e-01 5.619977e-01 7.579243e-01 6.236144e-01 -2.961207e-01 9.800726e-01 
116 1509 0 0 0 4.818188e-03 4.623798e-01 2.127240e-01 4.418820e-01 1.013040e+00 9.134810e-01 3.576710e-01 1.817086e-01 4.124388e-01 7.839925e-01 8.445746e-01 7.167229e-01 2.192082e-02 4.309387e-01 7.695126e-01 1.075453e+00 4.293433e-01 -2.732146e-01 -1.705961e-01 5.473044e-01 7.432092e-01 6.314030e-01 -3.450827e-01 9.843975e-01 
117 1522 0 0 0 2.978217e-02 4.855977e-01 2.162005e-01 4.489521e-01 1.031211e+00 8.916314e-01 3.697489e-01 1.524082e-01 4.120137e-01 7.851786e-01 8.477332e-01 6.965666e-01 3.376278e-02 4.368050e-01 7.976270e-01 1.086323e+00 4.023948e-01 -2.610890e-01 -2.151136e-01 5.516257e-01 7.509691e-01 6.258273e-01 -3.149175e-01 9.911983e-01 
118 1535 0 0 0 4.717799e-02 4.892364e-01 2.091148e-01 4.723860e-01 9.946239e-01 9.166511e-01 3.741612e-01 1.702581e-01 4.048938e-01 8.137130e-01 8.539470e-01 6.923976e-01 4.573739e-02 4.605279e-01 8.011691e-01 1.076716e+00 3.602189e-01 -2.569677e-01 -2.056695e-01 5.404455e-01 7.229759e-01 6.384337e-01 -3.219780e-01 9.888834e-01 
119 1548 0 0 0 6.530453e-02 4.972550e-01 2.050123e-01 4.750262e-01 9.899806e-01 9.051597e-01 3.653530e-01 1.497711e-01 4.202783e-01 8.160124e-01 8.139065e-01 6.794836e-01 8.709686e-02 4.532353e-01 7.984259e-01 1.051031e+00 3.458059e-01 -2.292058e-01 -1.919206e-01 5.458439e-01 7.328564e-01 6.554040e-01 -3.307889e-01 9.611748e-01 
120 1561 0 0 0 6.898376e-02 4.843424e-01 2.165555e-01 4.665114e-01 1.000988e+00 9.250187e-01 3.702015e-01 1.519082e-01 4.181901e-01 8.090195e-01 7.909746e-01 6.977624e-01 9.210217e-02 4.731931e-01 7.999904e-01 1.033679e+00 3.437838e-01 -2.427778e-01 -1.953694e-01 5.622639e-01 7.239847e-01 6.547665e-01 -3.368642e-01 9.763287e-01 
121 1574 0 0 0 8.258862e-02 4.643222e-01 2.364842e-01 4.729933e-01 9.889220e-01 9.024212e-01 3.523536e-01 1.454255e-01 4.109468e-01 8.114250e-01 8.146664e-01 6.883175e-01 8.568662e-02 4.923719e-01 8.153956e-01 1.042624e+00 3.492357e-01 -2.310368e-01 -2.018093e-01 5.468165e-01 7.209789e-01 6.175444e-01 -3.159139e-01 9.782138e-01 
122 1587 0 0 0 7.384739e-02 4.698123e-01 2.500689e-01 4.583159e-01 1.000316e+00 8.836572e-01 3.479196e-01 1.353104e-01 4.279227e-01 8.127585e-01 8.357517e-01 6.899651e-01 9.427493e-02 4.703175e-01 8.155659e-01 1.072641e+00 3.663128e-01 -2.487118e-01 -1.957434e-01 5.343036e-01 7.217395e-01 6.293583e-01 -3.110020e-01 9.750796e-01 
123 1600 0 0 0 7.217911e-02 4.779179e-01 2.422837e-01 4.192640e-01 1.013477e+00 8.852361e-01 3.419244e-01 1.274881e-01 4.185129e-01 8.080000e-01 8.337675e-01 6.868813e-01 1.054683e-01 4.807164e-01 8.126517e-01 1.064792e+00 3.529644e-01 -2.413327e-01 -2.025054e-01 5.273458e-01 7.344891e-01 6.071177e-01 -3.008605e-01 1.003534e+00 
124 1613 0 0 0 6.224023e-02 4.706901e-01 2.469652e-01 4.304437e-01 1.030419e+00 9.048469e-01 3.512262e-01 1.278056e-01 4.167146e-01 8.221627e-01 8.441254e-01 6.845247e-01 1.171827e-01 4.855519e-01 8.091402e-01 1.084205e+00 3.490109e-01 -2.480229e-01 -1.938369e-01 5.549858e-01 7.433015e-01 6.058721e-01 -2.853561e-01 9.947781e-01 
125 1626 0 0 0 4.889606e-02 4.966642e-01 2.664419e-01 4.425162e-01 1.062313e+00 9.370042e-01 3.578800e-01 1.291223e-01 4.479919e-01 8.293897e-01 8.320571e-01 6.884950e-01 1.216928e-01 4.738707e-01 8.040981e-01 1.069989e+00 3.312477e-01 -2.498081e-01 -1.714309e-01 5.466803e-01 7.470582e-01 6.021562e-01 -2.868321e-01 1.012971e+00 
126 1639 0 0 0 5.125203e-02 5.017606e-01 2.569975e-01 4.320090e-01 1.063977e+00 9.448334e-01 3.660762e-01 1.416706e-01 4.671759e-01 8.415254e-01 8.431948e-01 6.862888e-01 1.358932e-01 4.569345e-01 7.892557e-01 1.062112e+00 3.351306e-01 -2.289417e-01 -1.664192e-01 5.479660e-01 7.419990e-01 6.110065e-01 -2.967222e-01 1.028723e+00 
127 1652 0 0 0 6.883073e-02 5.022614e-01 2.512105e-01 4.535977e-01 1.067443e+00 9.260917e-01 3.567620e-01 1.357674e-01 4.598368e-01 8.247878e-01 8.440701e-01 7.169077e-01 1.324608e-01 4.546137e-01 7.801930e-01 1.050177e+00 3.290799e-01 -2.205711e-01 -1.652246e-01 5.470058e-01 7.245863e-01 6.324890e-01 -3.211637e-01 1.024090e+00 
128 1665 0 0 0 5.227324e-02 4.916362e-01 2.310544e-01 4.304672e-01 1.077506e+00 9.304057e-01 3.631318e-01 1.362688e-01 4.388577e-01 8.316003e-01 8.357109e-01 7.245306e-01 1.439247e-01 4.439740e-01 7.712256e-01 1.056694e+00 3.242658e-01 -2.226239e-01 -1.568730e-01 5.611484e-01 7.169958e-01 6.229096e-01 -3.538516e-01 1.028669e+00 
129 1678 0 0 0 6.040941e-02 4.899752e-01 2.247433e-01 4.404059e-01 1.055061e+00 9.253851e-01 3.701258e-01 1.518650e-01 4.441672e-01 8.298669e-01 8.427422e-01 7.052695e-01 1.248565e-01 4.444171e-01 7.855400e-01 1.052858e+00 3.147194e-01 -2.200047e-01 -1.607026e-01 5.587052e-01 6.980682e-01 6.220115e-01 -3.477035e-01 1.019748e+00 
130 1691 0 0 0 6.800361e-02 5.044566e-01 2.343340e-01 4.593529e-01 1.019396e+00 9.128944e-01 3.709725e-01 1.506496e-01 4.513028e-01 8.258801e-01 8.259658e-01 6.934303e-01 1.202706e-01 4.541844e-01 7.788990e-01 1.047532e+00 2.949121e-01 -2.164822e-01 -1.523467e-01 5.565085e-01 6.987552e-01 6.214996e-01 -3.487298e-01 1.022762e+00 
131 1704 0 0 0 6.103002e-02 5.019821e-01 2.240615e-01 4.681773e-01 1.018256e+00 9.186013e-01 3.583662e-01 1.613238e-01 4.388750e-01 8.201625e-01 8.366962e-01 6.909710e-01 1.051846e-01 4.716312e-01 7.787353e-01 1.034815e+00 2.899479e-01 -2.033562e-01 -1.428977e-01 5.352783e-01 6.818698e-01 6.205613e-01 -3.521341e-01 1.033294e+00 
132 1717 0 0 0 6.571698e-02 5.107829e-01 2.125926e-01 4.766292e-01 1.017917e+00 9.223292e-01 3.558685e-01 1.547059e-01 4.323242e-01 8.188178e-01 8.248358e-01 7.009018e-01 7.939178e-02 4.505449e-01 7.825127e-01 1.029992e+00 3.038117e-01 -2.007336e-01 -1.448361e-01 5.433097e-01 6.850412e-01 6.331152e-01 -3.672444e-01 1.045803e+00 
133 1730 0 0 0 5.961143e-02 5.030308e-01 2.190558e-01 4.620093e-01 1.021573e+00 9.387338e-01 3.545314e-01 1.468480e-01 4.443502e-01 8.332300e-01 8.240863e-01 6.975906e-01 7.076155e-02 4.630618e-01 7.873361e-01 1.034680e+00 3.041886e-01 -1.815040e-01 -1.399031e-01 5.528326e-01 7.041836e-01 6.244699e-01 -3.338933e-01 1.045087e+00 
134 1743 0 0 0 6.951282e-02 4.794948e-01 2.252480e-01 4.558873e-01 1.018209e+00 9.356903e-01 3.524368e-01 1.459849e-01 4.416779e-01 8.164236e-01 8.169297e-01 6.862149e-01 7.883923e-02 4.702017e-01 7.761409e-01 1.032068e+00 3.080713e-01 -1.821405e-01 -1.402870e-01 5.327480e-01 7.088999e-01 6.221184e-01 -3.145876e-01 1.042522e+00 
135 1756 0 0 0 6.164650e-02 4.921179e-01 2.142638e-01 4.564220e-01 1.022426e+00 9.405085e-01 3.581552e-01 1.488780e-01 4.411343e-01 8.203564e-01 8.051964e-01 6.891077e-01 6.834774e-02 4.621472e-01 7.773171e-01 1.043839e+00 3.046167e-01 -1.834025e-01 -1.403167e-01 5.320746e-01 7.074059e-01 6.177630e-01 -3.243109e-01 1.045175e+00 
136 1769 0 0 0 3.063216e-02 4.998537e-01 2.096908e-01 4.797037e-01 1.048648e+00 9.559520e-01 3.644888e-01 1.411687e-01 4.309314e-01 8.140062e-01 7.982029e-01 6.882693e-01 5.806983e-02 4.596663e-01 7.773430e-01 1.053560e+00 3.302356e-01 -1.805567e-01 -1.425385e-01 5.318266e-01 7.189031e-01 5.944654e-01 -3.079728e-01 1.037942e+00 
137 1782 0 0 0 1.562118e-02 4.896664e-01 2.038961e-01 4.793708e-01 1.066350e+00 9.522928e-01 3.584932e-01 1.166829e-01 4.287986e-01 8.161089e-01 7.788347e-01 6.975040e-01 6.007049e-02 4.491695e-01 7.683065e-01 1.053763e+00 3.327759e-01 -1.756777e-01 -1.415712e-01 5.307626e-01 7.062926e-01 6.108415e-01 -3.123803e-01 1.039975e+00 
138 1795 0 0 0 2.821063e-03 4.734384e-01 1.895656e-01 4.740743e-01 1.068995e+00 9.419912e-01 3.692848e-01 1.044396e-01 4.467278e-01 8.225185e-01 7.807342e-01 6.952382e-01 5.724808e-02 4.336645e-01 7.712366e-01 1.052423e+00 3.441832e-01 -1.675365e-01 -1.422193e-01 5.393592e-01 7.231035e-01 6.109629e-01 -2.964031e-01 1.035038e+00 
139 1808 0 0 0 -2.405220e-03 4.670027e-01 2.175827e-01 4.589569e-01 1.066764e+00 9.463499e-01 3.696236e-01 8.829583e-02 4.618751e-01 8.200945e-01 7.738257e-01 6.967668e-01 6.555017e-02 4.513339e-01 7.881868e-01 1.033086e+00 3.252749e-01 -1.470800e-01 -1.185777e-01 5.390003e-01 7.315273e-01 6.232689e-01 -2.940670e-01 1.035419e+00 
140 1821 0 0 0 -4.556110e-03 4.657254e-01 2.307219e-01 4.544487e-01 1.056481e+00 9.397645e-01 3.674729e-01 9.810741e-02 4.466736e-01 8.271040e-01 7.782129e-01 6.882745e-01 5.642266e-02 4.700575e-01 7.888600e-01 1.021859e+00 3.164457e-01 -1.496442e-01 -1.176612e-01 5.369631e-01 7.320081e-01 6.184356e-01 -2.801232e-01 1.024896e+00 
141 1834 0 0 0 4.642064e-03 4.538793e-01 2.430908e-01 4.553223e-01 1.061167e+00 9.191992e-01 3.556476e-01 7.382611e-02 4.335601e-01 8.405893e-01 7.680661e-01 6.973772e-01 4.936467e-02 4.596505e-01 7.854157e-01 1.019934e+00 3.306833e-01 -1.440827e-01 -1.034000e-01 5.370937e-01 7.188812e-01 6.270843e-01 -2.958074e-01 1.025218e+00 
142 1847 0 0 0 1.644901e-03 4.571727e-01 2.471124e-01 4.614099e-01 1.072366e+00 9.280115e-01 3.581298e-01 7.110144e-02 4.417439e-01 8.416772e-01 7.705507e-01 6.803029e-01 4.046749e-02 4.403865e-01 7.782103e-01 1.014203e+00 3.226676e-01 -1.477026e-01 -1.127905e-01 5.307226e-01 7.389842e-01 6.303992e-01 -3.037380e-01 1.032481e+00 
143 1860 0 0 0 3.143304e-02 4.649194e-01 2.457871e-01 4.527815e-01 1.095779e+00 9.230558e-01 3.616408e-01 6.813709e-02 4.404696e-01 8.500290e-01 7.842072e-01 6.891192e-01 6.226413e-02 4.482117e-01 7.806879e-01 1.018218e+00 3.303460e-01 -1.496262e-01 -1.217582e-01 5.297033e-01 7.470552e-01 6.298914e-01 -2.927898e-01 1.044557e+00 
144 1873 0 0 0 2.328166e-02 4.728493e-01 2.421412e-01 4.324105e-01 1.086468e+00 9.226359e-01 3.593468e-01 7.394835e-02 4.203603e-01 8.393430e-01 7.847647e-01 7.013083e-01 5.930948e-02 4.578997e-01 7.751921e-01 1.016448e+00 3.184211e-01 -1.527509e-01 -1.093562e-01 5.319910e-01 7.420076e-01 6.303323e-01 -3.042457e-01 1.047385e+00 
145 1886 0 0 0 1.077977e-02 4.536232e-01 2.405785e-01 4.318006e-01 1.089824e+00 9.180709e-01 3.539311e-01 7.204952e-02 4.159583e-01 8.449152e-01 7.826298e-01 7.135176e-01 7.505615e-02 4.492267e-01 7.902671e-01 1.022121e+00 3.235724e-01 -1.536177e-01 -1.206081e-01 5.255785e-01 7.606546e-01 6.297243e-01 -3.057674e-01 1.053065e+00 
146 1899 0 0 0 3.030418e-02 4.659046e-01 2.599344e-01 4.273647e-01 1.088514e+00 9.212281e-01 3.543737e-01 6.636946e-02 4.294001e-01 8.495959e-01 7.761763e-01 7.081609e-01 9.798087e-02 4.527741e-01 7.886638e-01 1.014461e+00 3.217782e-01 -1.441948e-01 -1.118191e-01 5.254565e-01 7.534013e-01 6.296661e-01 -3.236913e-01 1.056623e+00 
147 1912 0 0 0 3.324753e-02 4.546672e-01 2.815372e-01 4.028301e-01 1.098976e+00 9.168645e-01 3.506021e-01 5.436813e-02 4.264543e-01 8.357841e-01 7.776354e-01 7.102070e-01 8.257620e-02 4.503536e-01 7.916368e-01 1.013689e+00 3.405533e-01 -1.549998e-01 -1.113227e-01 5.336330e-01 7.460814e-01 6.356737e-01 -3.306763e-01 1.058584e+00 
148 1925 0 0 0 2.795062e-02 4.647340e-01 2.834268e-01 4.076887e-01 1.106145e+00 9.249530e-01 3.617669e-01 4.496155e-02 4.228133e-01 8.455760e-01 7.782780e-01 7.127627e-01 9.615428e-02 4.487147e-01 7.865002e-01 9.973547e-01 3.462698e-01 -1.385567e-01 -1.157871e-01 5.367634e-01 7.427772e-01 6.310706e-01 -3.258240e-01 1.053572e+00 
149 1938 0 0 0 3.174711e-02 4.766894e-01 2.873456e-01 4.185668e-01 1.103005e+00 9.288992e-01 3.596074e-01 4.418570e-02 4.217662e-01 8.470600e-01 7.726575e-01 7.142136e-01 9.428666e-02 4.599825e-01 7.888797e-01 1.005441e+00 3.437149e-01 -1.383510e-01 -1.075259e-01 5.262688e-01 7.265379e-01 6.273485e-01 -3.189044e-01 1.060868e+00 
150 1951 0 0 0 2.049023e-02 4.850209e-01 2.900450e-01 4.105275e-01 1.075010e+00 9.416340e-01 3.511780e-01 5.656704e-02 4.217818e-01 8.507400e-01 7.801690e-01 7.189555e-01 9.730910e-02 4.487869e-01 7.877589e-01 1.007870e+00 3.371667e-01 -1.432841e-01 -1.039074e-01 5.381323e-01 7.222719e-01 6.214158e-01 -3.161960e-01 1.050911e+00 
151 1964 0 0 0 2.383528e-02 4.904604e-01 2.804891e-01 4.065707e-01 1.082163e+00 9.364412e-01 3.505268e-01 4.995023e-02 4.235804e-01 8.666385e-01 7.739568e-01 7.190593e-01 1.050137e-01 4.491583e-01 7.864764e-01 9.989307e-01 3.303644e-01 -1.390127e-01 -8.882319e-02 5.384943e-01 7.127440e-01 6.197874e-01 -3.103848e-01 1.044617e+00 
152 1977 0 0 0 1.118971e-02 4.950602e-01 2.843310e-01 4.168895e-01 1.091756e+00 9.407135e-01 3.464043e-01 5.379685e-02 4.229707e-01 8.737726e-01 7.616123e-01 7.288434e-01 1.055869e-01 4.533730e-01 7.827276e-01 1.001167e+00 3.282599e-01 -1.342513e-01 -6.668140e-02 5.405032e-01 7.028869e-01 6.176459e-01 -3.204169e-01 1.046512e+00 
153 1990 0 0 0 1.291777e-02 5.021274e-01 2.758663e-01 4.113731e-01 1.096695e+00 9.400435e-01 3.576349e-01 5.086742e-02 4.221276e-01 8.756471e-01 7.645327e-01 7.296851e-01 9.553045e-02 4.501947e-01 7.874588e-01 1.001216e+00 3.316041e-01 -1.402066e-01 -6.432284e-02 5.432951e-01 7.049614e-01 6.196608e-01 -3.185601e-01 1.059847e+00 
154 2003 0 0 0 4.965103e-03 5.031033e-01 2.722455e-01 4.096727e-01 1.096619e+00 9.443937e-01 3.442752e-01 4.734994e-02 4.215938e-01 8.781917e-01 7.679047e-01 7.331538e-01 8.955236e-02 4.431456e-01 7.758391e-01 9.885246e-01 3.462574e-01 -1.376318e-01 -7.030486e-02 5.427050e-01 7.062329e-01 6.109247e-01 -3.209022e-01 1.060005e+00 
