%  columns=["iteration, evaluation, sigma, void, void, stds==sigma*sqrt(diag(C))" (startseed=208333, 2020/03/26 11:12:11.34)
1 14 2.747490e-01 0 0 2.742759e-01 2.743732e-01 2.742899e-01 2.742726e-01 2.744668e-01 2.741513e-01 2.738702e-01 2.748703e-01 2.755164e-01 2.774356e-01 2.743263e-01 2.759162e-01 2.746524e-01 2.761418e-01 2.738858e-01 2.746360e-01 2.744270e-01 2.740920e-01 2.766382e-01 2.755227e-01 2.741861e-01 2.738996e-01 2.739274e-01 2.741779e-01 
2 27 2.564491e-01 0 0 2.551860e-01 2.555295e-01 2.557887e-01 2.564549e-01 2.566001e-01 2.553883e-01 2.552639e-01 2.563714e-01 2.565955e-01 2.591318e-01 2.554801e-01 2.569350e-01 2.566200e-01 2.574087e-01 2.547839e-01 2.554808e-01 2.553587e-01 2.551247e-01 2.575515e-01 2.585185e-01 2.563580e-01 2.547214e-01 2.547306e-01 2.552056e-01 
3 40 2.406270e-01 0 0 2.392167e-01 2.394841e-01 2.405092e-01 2.409079e-01 2.406516e-01 2.401715e-01 2.390241e-01 2.399856e-01 2.403835e-01 2.426260e-01 2.389828e-01 2.407393e-01 2.402703e-01 2.410627e-01 2.384771e-01 2.398608e-01 2.388837e-01 2.383555e-01 2.416556e-01 2.440960e-01 2.411299e-01 2.384466e-01 2.384768e-01 2.385483e-01 
4 53 2.286456e-01 0 0 2.273001e-01 2.270395e-01 2.282055e-01 2.284295e-01 2.281678e-01 2.276770e-01 2.267208e-01 2.274715e-01 2.281213e-01 2.298191e-01 2.266227e-01 2.279516e-01 2.281759e-01 2.281282e-01 2.265776e-01 2.275332e-01 2.262669e-01 2.255802e-01 2.289707e-01 2.314455e-01 2.292616e-01 2.257155e-01 2.261580e-01 2.260983e-01 
5 66 2.236616e-01 0 0 2.219196e-01 2.231629e-01 2.241898e-01 2.229237e-01 2.223782e-01 2.223917e-01 2.213709e-01 2.217640e-01 2.233182e-01 2.262100e-01 2.220148e-01 2.221969e-01 2.227318e-01 2.227681e-01 2.217763e-01 2.220472e-01 2.210017e-01 2.199275e-01 2.229896e-01 2.279588e-01 2.244820e-01 2.202371e-01 2.204248e-01 2.205099e-01 
6 79 2.100282e-01 0 0 2.081267e-01 2.093768e-01 2.100837e-01 2.085779e-01 2.080255e-01 2.082427e-01 2.071784e-01 2.078573e-01 2.094226e-01 2.120821e-01 2.081674e-01 2.077789e-01 2.088204e-01 2.083518e-01 2.078228e-01 2.089999e-01 2.068911e-01 2.057393e-01 2.087959e-01 2.141448e-01 2.101335e-01 2.065606e-01 2.061755e-01 2.069444e-01 
7 92 2.015956e-01 0 0 2.001070e-01 2.021575e-01 2.015873e-01 2.000335e-01 1.996837e-01 1.993358e-01 1.981132e-01 1.991615e-01 2.007352e-01 2.028896e-01 1.993585e-01 1.995111e-01 2.006531e-01 1.993535e-01 1.993917e-01 2.000940e-01 1.996451e-01 1.970705e-01 1.995155e-01 2.076147e-01 2.010010e-01 1.981176e-01 1.980458e-01 1.980376e-01 
8 105 1.946637e-01 0 0 1.930702e-01 1.965745e-01 1.942645e-01 1.924071e-01 1.931934e-01 1.920208e-01 1.907598e-01 1.914427e-01 1.933039e-01 1.960512e-01 1.929430e-01 1.933696e-01 1.931180e-01 1.918803e-01 1.917722e-01 1.934605e-01 1.932703e-01 1.899425e-01 1.919912e-01 2.003020e-01 1.942914e-01 1.909733e-01 1.907370e-01 1.909238e-01 
9 118 1.912970e-01 0 0 1.894524e-01 1.944347e-01 1.903674e-01 1.894748e-01 1.908639e-01 1.882169e-01 1.871246e-01 1.875660e-01 1.902518e-01 1.920198e-01 1.894508e-01 1.895645e-01 1.901462e-01 1.879507e-01 1.877988e-01 1.894408e-01 1.893646e-01 1.867332e-01 1.889465e-01 1.974619e-01 1.903329e-01 1.869302e-01 1.872547e-01 1.876668e-01 
10 131 1.873966e-01 0 0 1.852856e-01 1.916688e-01 1.857338e-01 1.853829e-01 1.878020e-01 1.840367e-01 1.833479e-01 1.835160e-01 1.864105e-01 1.873710e-01 1.853332e-01 1.852103e-01 1.863445e-01 1.835210e-01 1.835399e-01 1.850385e-01 1.857247e-01 1.829414e-01 1.844699e-01 1.931931e-01 1.867907e-01 1.825511e-01 1.843241e-01 1.831556e-01 
11 144 1.859387e-01 0 0 1.832970e-01 1.906056e-01 1.836510e-01 1.834674e-01 1.871577e-01 1.827057e-01 1.814393e-01 1.837019e-01 1.847976e-01 1.858405e-01 1.833054e-01 1.836663e-01 1.842416e-01 1.816282e-01 1.813304e-01 1.830778e-01 1.854482e-01 1.807901e-01 1.823610e-01 1.912537e-01 1.850798e-01 1.805986e-01 1.841569e-01 1.813120e-01 
12 157 1.879173e-01 0 0 1.847086e-01 1.931096e-01 1.850762e-01 1.846843e-01 1.892201e-01 1.840274e-01 1.828077e-01 1.851635e-01 1.866788e-01 1.870664e-01 1.862612e-01 1.853402e-01 1.864947e-01 1.837573e-01 1.828550e-01 1.849327e-01 1.887231e-01 1.822539e-01 1.841495e-01 1.926227e-01 1.869563e-01 1.823374e-01 1.873879e-01 1.827684e-01 
13 170 1.892306e-01 0 0 1.855422e-01 1.950979e-01 1.875060e-01 1.853950e-01 1.925270e-01 1.874504e-01 1.837181e-01 1.861118e-01 1.878177e-01 1.876467e-01 1.880776e-01 1.867982e-01 1.875442e-01 1.843449e-01 1.847818e-01 1.862614e-01 1.903095e-01 1.841236e-01 1.850224e-01 1.935215e-01 1.880461e-01 1.834390e-01 1.890870e-01 1.834573e-01 
14 183 1.921572e-01 0 0 1.879321e-01 1.981090e-01 1.898465e-01 1.879494e-01 1.976549e-01 1.915871e-01 1.859688e-01 1.883631e-01 1.903291e-01 1.904339e-01 1.908294e-01 1.891749e-01 1.900191e-01 1.868303e-01 1.879334e-01 1.886380e-01 1.950052e-01 1.865366e-01 1.872231e-01 1.961283e-01 1.905801e-01 1.859615e-01 1.918660e-01 1.855496e-01 
15 196 1.883414e-01 0 0 1.840387e-01 1.935810e-01 1.870587e-01 1.838318e-01 1.946438e-01 1.889721e-01 1.815767e-01 1.841054e-01 1.858551e-01 1.862426e-01 1.867171e-01 1.847517e-01 1.858974e-01 1.833108e-01 1.837902e-01 1.842120e-01 1.917995e-01 1.821168e-01 1.831855e-01 1.915064e-01 1.864160e-01 1.816505e-01 1.883604e-01 1.819407e-01 
16 209 1.815842e-01 0 0 1.767323e-01 1.872699e-01 1.807672e-01 1.770488e-01 1.879285e-01 1.818298e-01 1.744776e-01 1.784655e-01 1.794888e-01 1.793454e-01 1.798157e-01 1.788482e-01 1.787639e-01 1.775111e-01 1.767178e-01 1.775366e-01 1.845614e-01 1.758129e-01 1.760339e-01 1.839353e-01 1.792775e-01 1.746917e-01 1.815356e-01 1.756064e-01 
17 222 1.789442e-01 0 0 1.734858e-01 1.847357e-01 1.783476e-01 1.747012e-01 1.846480e-01 1.786688e-01 1.714730e-01 1.752618e-01 1.763226e-01 1.761147e-01 1.769814e-01 1.766372e-01 1.757451e-01 1.749246e-01 1.736594e-01 1.752483e-01 1.818320e-01 1.734564e-01 1.728502e-01 1.808867e-01 1.760745e-01 1.721382e-01 1.805729e-01 1.725809e-01 
18 235 1.803495e-01 0 0 1.767215e-01 1.862078e-01 1.807007e-01 1.757189e-01 1.862963e-01 1.794288e-01 1.722171e-01 1.760069e-01 1.782028e-01 1.775241e-01 1.776836e-01 1.775831e-01 1.767298e-01 1.760222e-01 1.749045e-01 1.760239e-01 1.829541e-01 1.760643e-01 1.737008e-01 1.819350e-01 1.772402e-01 1.749937e-01 1.836981e-01 1.737679e-01 
19 248 1.770736e-01 0 0 1.731975e-01 1.825826e-01 1.771870e-01 1.720385e-01 1.822314e-01 1.758735e-01 1.687021e-01 1.733744e-01 1.746406e-01 1.737946e-01 1.738924e-01 1.738840e-01 1.736612e-01 1.722003e-01 1.715186e-01 1.722229e-01 1.800433e-01 1.722982e-01 1.705079e-01 1.780781e-01 1.735455e-01 1.722102e-01 1.809756e-01 1.704069e-01 
20 261 1.759138e-01 0 0 1.721256e-01 1.831183e-01 1.755566e-01 1.710614e-01 1.804148e-01 1.746487e-01 1.669898e-01 1.728231e-01 1.728306e-01 1.723423e-01 1.725165e-01 1.724721e-01 1.727462e-01 1.713768e-01 1.700165e-01 1.707227e-01 1.781476e-01 1.709563e-01 1.691181e-01 1.765916e-01 1.719141e-01 1.709394e-01 1.799316e-01 1.691022e-01 
21 274 1.803695e-01 0 0 1.765823e-01 1.914699e-01 1.804827e-01 1.751839e-01 1.844005e-01 1.785722e-01 1.707333e-01 1.791856e-01 1.769101e-01 1.761568e-01 1.762319e-01 1.764767e-01 1.771369e-01 1.753814e-01 1.741379e-01 1.756346e-01 1.825864e-01 1.751421e-01 1.732487e-01 1.805248e-01 1.757358e-01 1.748945e-01 1.866283e-01 1.732651e-01 
22 287 1.844977e-01 0 0 1.805238e-01 1.963335e-01 1.844270e-01 1.788977e-01 1.880579e-01 1.822469e-01 1.738819e-01 1.858645e-01 1.807336e-01 1.796508e-01 1.804160e-01 1.807485e-01 1.814518e-01 1.803349e-01 1.782686e-01 1.796293e-01 1.863796e-01 1.788126e-01 1.767261e-01 1.839911e-01 1.797503e-01 1.794608e-01 1.919718e-01 1.780854e-01 
23 300 1.874371e-01 0 0 1.848237e-01 1.993830e-01 1.867336e-01 1.825829e-01 1.904339e-01 1.844209e-01 1.760169e-01 1.899258e-01 1.832640e-01 1.820802e-01 1.829085e-01 1.832625e-01 1.847014e-01 1.831134e-01 1.815714e-01 1.821663e-01 1.887068e-01 1.812097e-01 1.824553e-01 1.863130e-01 1.819313e-01 1.817920e-01 1.948647e-01 1.806724e-01 
24 313 1.919831e-01 0 0 1.889103e-01 2.042196e-01 1.910192e-01 1.867885e-01 1.947858e-01 1.884946e-01 1.795500e-01 1.964387e-01 1.882579e-01 1.861647e-01 1.886911e-01 1.878873e-01 1.890177e-01 1.875668e-01 1.856815e-01 1.859243e-01 1.927434e-01 1.852433e-01 1.885947e-01 1.905263e-01 1.858440e-01 1.858819e-01 2.000604e-01 1.858983e-01 
25 326 1.954682e-01 0 0 1.918715e-01 2.082838e-01 1.938513e-01 1.911925e-01 1.992214e-01 1.922838e-01 1.820102e-01 2.011423e-01 1.913774e-01 1.895112e-01 1.916701e-01 1.907051e-01 1.921956e-01 1.906534e-01 1.887561e-01 1.893254e-01 1.961035e-01 1.883000e-01 1.925314e-01 1.933228e-01 1.886105e-01 1.907550e-01 2.035997e-01 1.885219e-01 
26 339 1.927914e-01 0 0 1.888377e-01 2.052508e-01 1.907889e-01 1.880776e-01 1.962887e-01 1.892931e-01 1.788033e-01 1.985140e-01 1.899203e-01 1.869630e-01 1.893245e-01 1.876193e-01 1.893195e-01 1.876515e-01 1.860041e-01 1.874649e-01 1.929537e-01 1.853567e-01 1.915894e-01 1.901024e-01 1.858089e-01 1.882073e-01 2.003397e-01 1.852450e-01 
27 352 1.915077e-01 0 0 1.876908e-01 2.030517e-01 1.895923e-01 1.894020e-01 1.945489e-01 1.876876e-01 1.767928e-01 1.968571e-01 1.884315e-01 1.852990e-01 1.874414e-01 1.859134e-01 1.880564e-01 1.859712e-01 1.851615e-01 1.863080e-01 1.909847e-01 1.846353e-01 1.905195e-01 1.888722e-01 1.842235e-01 1.862688e-01 1.983147e-01 1.841960e-01 
28 365 1.921050e-01 0 0 1.889447e-01 2.036041e-01 1.898893e-01 1.907454e-01 1.947201e-01 1.881639e-01 1.770800e-01 1.986484e-01 1.893152e-01 1.864264e-01 1.883299e-01 1.861942e-01 1.884486e-01 1.869192e-01 1.860433e-01 1.866728e-01 1.914891e-01 1.845729e-01 1.917783e-01 1.890137e-01 1.846399e-01 1.861172e-01 1.982994e-01 1.842162e-01 
29 378 2.014995e-01 0 0 1.979608e-01 2.147105e-01 1.985725e-01 2.000793e-01 2.039292e-01 1.970948e-01 1.849736e-01 2.091710e-01 1.983058e-01 1.971537e-01 1.981501e-01 1.957633e-01 1.975197e-01 1.971249e-01 1.974088e-01 1.954837e-01 2.006641e-01 1.931147e-01 2.011150e-01 1.975732e-01 1.954352e-01 1.945700e-01 2.078302e-01 1.932057e-01 
30 391 2.132257e-01 0 0 2.089805e-01 2.273045e-01 2.098643e-01 2.123975e-01 2.154973e-01 2.083536e-01 1.960127e-01 2.239231e-01 2.091146e-01 2.086916e-01 2.094896e-01 2.087482e-01 2.084677e-01 2.090862e-01 2.119495e-01 2.068208e-01 2.121159e-01 2.038584e-01 2.137644e-01 2.091401e-01 2.075462e-01 2.055920e-01 2.191653e-01 2.047614e-01 
31 404 2.247900e-01 0 0 2.198575e-01 2.392404e-01 2.212987e-01 2.236497e-01 2.271930e-01 2.194629e-01 2.062256e-01 2.367469e-01 2.217336e-01 2.200614e-01 2.210504e-01 2.212681e-01 2.198399e-01 2.207564e-01 2.257935e-01 2.182615e-01 2.230781e-01 2.141363e-01 2.265886e-01 2.203362e-01 2.202969e-01 2.172966e-01 2.305176e-01 2.151059e-01 
32 417 2.340878e-01 0 0 2.296991e-01 2.482662e-01 2.298779e-01 2.322586e-01 2.366922e-01 2.283479e-01 2.143357e-01 2.472894e-01 2.307000e-01 2.295596e-01 2.310129e-01 2.302027e-01 2.297769e-01 2.296684e-01 2.377161e-01 2.284402e-01 2.315194e-01 2.222562e-01 2.361739e-01 2.287174e-01 2.299623e-01 2.263958e-01 2.400658e-01 2.232474e-01 
33 430 2.284840e-01 0 0 2.238172e-01 2.417910e-01 2.237839e-01 2.264384e-01 2.313860e-01 2.222767e-01 2.106079e-01 2.411557e-01 2.249510e-01 2.232544e-01 2.264406e-01 2.241565e-01 2.243828e-01 2.239948e-01 2.326294e-01 2.235182e-01 2.253126e-01 2.166964e-01 2.304251e-01 2.225140e-01 2.252770e-01 2.205007e-01 2.334929e-01 2.172334e-01 
34 443 2.187909e-01 0 0 2.145489e-01 2.310472e-01 2.140721e-01 2.165735e-01 2.225637e-01 2.121346e-01 2.009511e-01 2.305410e-01 2.150327e-01 2.147711e-01 2.164185e-01 2.137788e-01 2.142555e-01 2.136907e-01 2.231362e-01 2.141135e-01 2.152535e-01 2.066176e-01 2.220177e-01 2.124853e-01 2.159189e-01 2.111306e-01 2.230258e-01 2.082316e-01 
35 456 2.107194e-01 0 0 2.059716e-01 2.219176e-01 2.064884e-01 2.079432e-01 2.144228e-01 2.041142e-01 1.931233e-01 2.219004e-01 2.066874e-01 2.063288e-01 2.081821e-01 2.053935e-01 2.057195e-01 2.052196e-01 2.144370e-01 2.062415e-01 2.068220e-01 1.985605e-01 2.136816e-01 2.037707e-01 2.077792e-01 2.025130e-01 2.139558e-01 2.009866e-01 
36 469 2.039645e-01 0 0 1.991360e-01 2.153040e-01 1.993370e-01 2.010424e-01 2.075040e-01 1.972924e-01 1.861975e-01 2.144374e-01 1.992779e-01 1.993474e-01 2.007670e-01 1.982621e-01 1.983380e-01 1.983257e-01 2.076148e-01 1.999127e-01 1.998628e-01 1.921856e-01 2.090251e-01 1.964390e-01 2.016867e-01 1.954285e-01 2.064542e-01 1.943881e-01 
37 482 1.983720e-01 0 0 1.939278e-01 2.099375e-01 1.932583e-01 1.953044e-01 2.014751e-01 1.916082e-01 1.803782e-01 2.080259e-01 1.933877e-01 1.938789e-01 1.951600e-01 1.925436e-01 1.931358e-01 1.941477e-01 2.013378e-01 1.940246e-01 1.950355e-01 1.864779e-01 2.035968e-01 1.907572e-01 1.957820e-01 1.895024e-01 2.003856e-01 1.890177e-01 
38 495 1.936930e-01 0 0 1.895405e-01 2.045895e-01 1.886752e-01 1.905427e-01 1.965715e-01 1.864366e-01 1.757553e-01 2.028063e-01 1.884310e-01 1.892948e-01 1.903563e-01 1.874017e-01 1.886716e-01 1.893530e-01 1.959186e-01 1.887582e-01 1.908024e-01 1.818905e-01 1.982523e-01 1.858218e-01 1.906177e-01 1.846929e-01 1.956366e-01 1.855228e-01 
39 508 1.928355e-01 0 0 1.892604e-01 2.031071e-01 1.871750e-01 1.900367e-01 1.954010e-01 1.856592e-01 1.741604e-01 2.014187e-01 1.882295e-01 1.881001e-01 1.888960e-01 1.866345e-01 1.878445e-01 1.883901e-01 1.945676e-01 1.873685e-01 1.900368e-01 1.809161e-01 1.969260e-01 1.845554e-01 1.900507e-01 1.833871e-01 1.952372e-01 1.847313e-01 
40 521 1.905115e-01 0 0 1.870415e-01 2.009650e-01 1.860848e-01 1.878120e-01 1.924072e-01 1.826510e-01 1.712798e-01 1.992957e-01 1.854307e-01 1.855883e-01 1.865259e-01 1.844273e-01 1.855735e-01 1.858527e-01 1.916783e-01 1.858297e-01 1.884146e-01 1.781985e-01 1.952780e-01 1.817812e-01 1.874039e-01 1.806984e-01 1.931798e-01 1.825381e-01 
41 534 1.854844e-01 0 0 1.829848e-01 1.961845e-01 1.807954e-01 1.823731e-01 1.870879e-01 1.772807e-01 1.660248e-01 1.937074e-01 1.801496e-01 1.804502e-01 1.811187e-01 1.795072e-01 1.802817e-01 1.804273e-01 1.857564e-01 1.812681e-01 1.832708e-01 1.733707e-01 1.903060e-01 1.763094e-01 1.833235e-01 1.762260e-01 1.877149e-01 1.774253e-01 
42 547 1.796127e-01 0 0 1.770501e-01 1.892715e-01 1.748767e-01 1.759524e-01 1.809315e-01 1.713249e-01 1.600894e-01 1.872873e-01 1.741336e-01 1.739837e-01 1.754366e-01 1.735050e-01 1.750561e-01 1.743293e-01 1.794177e-01 1.753736e-01 1.776301e-01 1.673967e-01 1.842549e-01 1.701964e-01 1.769450e-01 1.707219e-01 1.814958e-01 1.714557e-01 
43 560 1.779517e-01 0 0 1.762476e-01 1.873121e-01 1.733410e-01 1.738246e-01 1.794526e-01 1.699192e-01 1.579420e-01 1.859517e-01 1.726724e-01 1.721058e-01 1.735971e-01 1.713755e-01 1.733167e-01 1.722058e-01 1.771582e-01 1.735969e-01 1.756149e-01 1.657016e-01 1.828183e-01 1.683097e-01 1.759727e-01 1.686177e-01 1.791612e-01 1.696953e-01 
44 573 1.805640e-01 0 0 1.791476e-01 1.898294e-01 1.754247e-01 1.765422e-01 1.817113e-01 1.742572e-01 1.596039e-01 1.885612e-01 1.745096e-01 1.742350e-01 1.757906e-01 1.744069e-01 1.757327e-01 1.771580e-01 1.796185e-01 1.760001e-01 1.787816e-01 1.674716e-01 1.855152e-01 1.707055e-01 1.785425e-01 1.706167e-01 1.811030e-01 1.723307e-01 
45 586 1.813100e-01 0 0 1.800339e-01 1.903709e-01 1.764526e-01 1.772992e-01 1.824701e-01 1.756806e-01 1.598989e-01 1.891475e-01 1.749008e-01 1.755781e-01 1.765949e-01 1.749557e-01 1.761237e-01 1.778883e-01 1.803236e-01 1.773424e-01 1.793194e-01 1.674192e-01 1.866073e-01 1.715491e-01 1.788073e-01 1.708458e-01 1.811596e-01 1.730387e-01 
46 599 1.788396e-01 0 0 1.772922e-01 1.876335e-01 1.738681e-01 1.744954e-01 1.795222e-01 1.736757e-01 1.571734e-01 1.862601e-01 1.721307e-01 1.730118e-01 1.741611e-01 1.731483e-01 1.733147e-01 1.763797e-01 1.771626e-01 1.750481e-01 1.772876e-01 1.644087e-01 1.837460e-01 1.686889e-01 1.767258e-01 1.684715e-01 1.778826e-01 1.708198e-01 
47 612 1.768147e-01 0 0 1.754365e-01 1.853481e-01 1.713711e-01 1.729083e-01 1.769211e-01 1.726344e-01 1.550871e-01 1.835126e-01 1.702541e-01 1.712436e-01 1.725029e-01 1.704525e-01 1.707866e-01 1.744114e-01 1.745855e-01 1.725181e-01 1.757359e-01 1.624827e-01 1.809858e-01 1.660993e-01 1.757307e-01 1.659472e-01 1.755070e-01 1.682158e-01 
48 625 1.747558e-01 0 0 1.730845e-01 1.830191e-01 1.686598e-01 1.705241e-01 1.745960e-01 1.714447e-01 1.528994e-01 1.811292e-01 1.680568e-01 1.689365e-01 1.705235e-01 1.679037e-01 1.686812e-01 1.722118e-01 1.720593e-01 1.700092e-01 1.768023e-01 1.612371e-01 1.780789e-01 1.639648e-01 1.736555e-01 1.634519e-01 1.738890e-01 1.662838e-01 
49 638 1.674420e-01 0 0 1.662102e-01 1.748571e-01 1.614018e-01 1.630483e-01 1.668099e-01 1.648929e-01 1.459342e-01 1.734935e-01 1.607698e-01 1.616307e-01 1.635786e-01 1.606941e-01 1.618575e-01 1.660830e-01 1.642966e-01 1.622011e-01 1.706200e-01 1.544926e-01 1.703191e-01 1.572889e-01 1.671228e-01 1.567140e-01 1.660934e-01 1.589379e-01 
50 651 1.622604e-01 0 0 1.613699e-01 1.690802e-01 1.561092e-01 1.576231e-01 1.621090e-01 1.595654e-01 1.408640e-01 1.686783e-01 1.555598e-01 1.560459e-01 1.579732e-01 1.550765e-01 1.566461e-01 1.607763e-01 1.589522e-01 1.569093e-01 1.662634e-01 1.496329e-01 1.647111e-01 1.517975e-01 1.617361e-01 1.519747e-01 1.602782e-01 1.533585e-01 
51 664 1.588835e-01 0 0 1.594829e-01 1.652395e-01 1.524146e-01 1.545032e-01 1.582873e-01 1.557685e-01 1.374607e-01 1.655916e-01 1.521116e-01 1.524137e-01 1.543085e-01 1.512392e-01 1.529947e-01 1.570525e-01 1.551606e-01 1.539548e-01 1.626897e-01 1.462005e-01 1.608149e-01 1.486497e-01 1.582410e-01 1.510665e-01 1.566627e-01 1.498944e-01 
52 677 1.534796e-01 0 0 1.548186e-01 1.597585e-01 1.469323e-01 1.500067e-01 1.524667e-01 1.498592e-01 1.327798e-01 1.600687e-01 1.464262e-01 1.470855e-01 1.484436e-01 1.456276e-01 1.473483e-01 1.513330e-01 1.494413e-01 1.487485e-01 1.567108e-01 1.409621e-01 1.549417e-01 1.436772e-01 1.528455e-01 1.457698e-01 1.508288e-01 1.443805e-01 
53 690 1.488491e-01 0 0 1.509285e-01 1.547987e-01 1.422810e-01 1.454281e-01 1.474359e-01 1.450431e-01 1.284370e-01 1.548190e-01 1.414352e-01 1.429088e-01 1.437357e-01 1.414964e-01 1.429705e-01 1.466346e-01 1.447313e-01 1.437225e-01 1.515600e-01 1.369694e-01 1.497146e-01 1.392786e-01 1.481071e-01 1.411224e-01 1.457098e-01 1.395199e-01 
54 703 1.473814e-01 0 0 1.502073e-01 1.533687e-01 1.418281e-01 1.436322e-01 1.454752e-01 1.430241e-01 1.267318e-01 1.536068e-01 1.398974e-01 1.416306e-01 1.425244e-01 1.404532e-01 1.414967e-01 1.447434e-01 1.429829e-01 1.418690e-01 1.498536e-01 1.356060e-01 1.482908e-01 1.373156e-01 1.472398e-01 1.397357e-01 1.438544e-01 1.379994e-01 
55 716 1.370719e-01 0 0 1.395657e-01 1.427788e-01 1.315525e-01 1.333572e-01 1.350835e-01 1.328206e-01 1.177117e-01 1.426214e-01 1.299098e-01 1.318047e-01 1.320098e-01 1.303150e-01 1.313221e-01 1.348826e-01 1.325952e-01 1.317276e-01 1.392547e-01 1.265885e-01 1.379282e-01 1.274233e-01 1.371195e-01 1.298115e-01 1.336589e-01 1.280407e-01 
56 729 1.319354e-01 0 0 1.342097e-01 1.373553e-01 1.264879e-01 1.278946e-01 1.296224e-01 1.278530e-01 1.127929e-01 1.374918e-01 1.250163e-01 1.266461e-01 1.267746e-01 1.254758e-01 1.261891e-01 1.293101e-01 1.270833e-01 1.264034e-01 1.338073e-01 1.215588e-01 1.332455e-01 1.222540e-01 1.324176e-01 1.245804e-01 1.284196e-01 1.228283e-01 
57 742 1.295182e-01 0 0 1.324545e-01 1.359943e-01 1.254712e-01 1.252564e-01 1.269959e-01 1.260067e-01 1.103289e-01 1.349815e-01 1.224958e-01 1.240913e-01 1.241810e-01 1.231257e-01 1.236322e-01 1.264968e-01 1.244913e-01 1.236958e-01 1.309177e-01 1.189569e-01 1.307566e-01 1.198161e-01 1.299589e-01 1.217984e-01 1.258179e-01 1.205452e-01 
58 755 1.277715e-01 0 0 1.308538e-01 1.347531e-01 1.235312e-01 1.232780e-01 1.261814e-01 1.247057e-01 1.084109e-01 1.329239e-01 1.208633e-01 1.221969e-01 1.222149e-01 1.215059e-01 1.218069e-01 1.243341e-01 1.222737e-01 1.216806e-01 1.291541e-01 1.168626e-01 1.292390e-01 1.181514e-01 1.282686e-01 1.198054e-01 1.236666e-01 1.187959e-01 
59 768 1.259612e-01 0 0 1.285006e-01 1.334649e-01 1.217566e-01 1.218229e-01 1.246169e-01 1.224614e-01 1.063920e-01 1.305866e-01 1.193021e-01 1.199562e-01 1.204351e-01 1.196720e-01 1.199365e-01 1.222191e-01 1.204142e-01 1.204661e-01 1.270647e-01 1.157919e-01 1.273002e-01 1.165716e-01 1.264424e-01 1.179682e-01 1.217628e-01 1.168172e-01 
60 781 1.247575e-01 0 0 1.269436e-01 1.324378e-01 1.203617e-01 1.202490e-01 1.233540e-01 1.215190e-01 1.049509e-01 1.290597e-01 1.186463e-01 1.188256e-01 1.197764e-01 1.188611e-01 1.185300e-01 1.208786e-01 1.188856e-01 1.193650e-01 1.265746e-01 1.145178e-01 1.256185e-01 1.151357e-01 1.260337e-01 1.164549e-01 1.207951e-01 1.153452e-01 
61 794 1.186237e-01 0 0 1.202898e-01 1.255857e-01 1.144037e-01 1.143274e-01 1.169803e-01 1.151711e-01 9.945243e-02 1.229707e-01 1.130230e-01 1.126828e-01 1.138552e-01 1.131491e-01 1.123153e-01 1.146285e-01 1.130221e-01 1.130401e-01 1.202337e-01 1.086077e-01 1.195252e-01 1.093343e-01 1.197437e-01 1.103269e-01 1.146886e-01 1.094356e-01 
62 807 1.114034e-01 0 0 1.126131e-01 1.181050e-01 1.073453e-01 1.072946e-01 1.103426e-01 1.079924e-01 9.306878e-02 1.154927e-01 1.062139e-01 1.054800e-01 1.067697e-01 1.058842e-01 1.052219e-01 1.072389e-01 1.058144e-01 1.062386e-01 1.126953e-01 1.017659e-01 1.119521e-01 1.028129e-01 1.123910e-01 1.032290e-01 1.073900e-01 1.023955e-01 
63 820 1.059392e-01 0 0 1.070194e-01 1.120637e-01 1.020288e-01 1.016513e-01 1.046804e-01 1.023757e-01 8.834352e-02 1.097707e-01 1.008361e-01 1.002673e-01 1.022114e-01 1.003122e-01 9.974819e-02 1.017241e-01 1.005384e-01 1.007040e-01 1.069912e-01 9.676643e-02 1.060614e-01 9.766671e-02 1.064776e-01 9.852612e-02 1.019183e-01 9.714035e-02 
64 833 1.011796e-01 0 0 1.019186e-01 1.066694e-01 9.724494e-02 9.687092e-02 9.971403e-02 9.827812e-02 8.426094e-02 1.045121e-01 9.661639e-02 9.547002e-02 9.744778e-02 9.562065e-02 9.489061e-02 9.695887e-02 9.593419e-02 9.592589e-02 1.022154e-01 9.231155e-02 1.011396e-01 9.359147e-02 1.017658e-01 9.436727e-02 9.722486e-02 9.263574e-02 
65 846 9.415147e-02 0 0 9.489330e-02 9.912097e-02 9.072681e-02 8.999998e-02 9.255930e-02 9.140557e-02 7.822133e-02 9.689309e-02 8.959068e-02 8.849172e-02 9.047669e-02 8.887675e-02 8.799109e-02 9.008807e-02 8.899821e-02 8.897519e-02 9.526223e-02 8.595109e-02 9.419737e-02 8.701052e-02 9.452073e-02 8.744824e-02 9.027582e-02 8.591209e-02 
66 859 9.169809e-02 0 0 9.222652e-02 9.613022e-02 8.838640e-02 8.762641e-02 9.043937e-02 8.882663e-02 7.587921e-02 9.418683e-02 8.722038e-02 8.672462e-02 8.814652e-02 8.643087e-02 8.546258e-02 8.780301e-02 8.655594e-02 8.673024e-02 9.269054e-02 8.369683e-02 9.145663e-02 8.494590e-02 9.241967e-02 8.534509e-02 8.793278e-02 8.358697e-02 
67 872 8.930734e-02 0 0 8.951234e-02 9.323155e-02 8.587134e-02 8.581929e-02 8.808164e-02 8.620378e-02 7.383155e-02 9.183817e-02 8.527115e-02 8.459856e-02 8.556793e-02 8.386905e-02 8.319447e-02 8.573007e-02 8.401473e-02 8.451869e-02 9.007509e-02 8.145324e-02 8.905118e-02 8.258440e-02 9.034167e-02 8.293316e-02 8.542898e-02 8.119897e-02 
68 885 8.621504e-02 0 0 8.638495e-02 8.986153e-02 8.292396e-02 8.256332e-02 8.498070e-02 8.287636e-02 7.105511e-02 8.842826e-02 8.221189e-02 8.184479e-02 8.254219e-02 8.076530e-02 8.016625e-02 8.286340e-02 8.125859e-02 8.150158e-02 8.670385e-02 7.861029e-02 8.587265e-02 7.994965e-02 8.695853e-02 8.002444e-02 8.238283e-02 7.879104e-02 
69 898 8.356202e-02 0 0 8.397692e-02 8.697228e-02 8.012607e-02 7.991792e-02 8.248488e-02 8.007340e-02 6.862090e-02 8.558676e-02 7.936148e-02 7.941222e-02 7.973659e-02 7.844874e-02 7.742020e-02 8.044657e-02 7.882535e-02 7.928955e-02 8.373221e-02 7.600716e-02 8.297760e-02 7.758123e-02 8.396626e-02 7.746623e-02 8.009552e-02 7.622915e-02 
70 911 8.148794e-02 0 0 8.178447e-02 8.448671e-02 7.803291e-02 7.804455e-02 8.018551e-02 7.822713e-02 6.681618e-02 8.319739e-02 7.771609e-02 7.742382e-02 7.780254e-02 7.656616e-02 7.516928e-02 7.838019e-02 7.659196e-02 7.706210e-02 8.188068e-02 7.386312e-02 8.115166e-02 7.553125e-02 8.154839e-02 7.591384e-02 7.793277e-02 7.430833e-02 
71 924 7.595092e-02 0 0 7.602014e-02 7.856148e-02 7.252111e-02 7.289257e-02 7.468723e-02 7.273533e-02 6.204260e-02 7.758862e-02 7.229778e-02 7.200943e-02 7.227342e-02 7.129735e-02 6.993967e-02 7.317062e-02 7.116871e-02 7.172304e-02 7.621487e-02 6.860550e-02 7.554989e-02 7.042931e-02 7.575464e-02 7.066317e-02 7.243982e-02 6.897183e-02 
72 937 7.318914e-02 0 0 7.321863e-02 7.542001e-02 7.002687e-02 7.006642e-02 7.202897e-02 6.988353e-02 5.966706e-02 7.448729e-02 6.945692e-02 6.943561e-02 6.953433e-02 6.912438e-02 6.751220e-02 7.046493e-02 6.851168e-02 6.907453e-02 7.363503e-02 6.629013e-02 7.261409e-02 6.791417e-02 7.289855e-02 6.832272e-02 6.966344e-02 6.641455e-02 
73 950 7.471479e-02 0 0 7.464476e-02 7.703639e-02 7.152421e-02 7.132565e-02 7.380139e-02 7.126044e-02 6.077005e-02 7.638744e-02 7.147933e-02 7.082449e-02 7.096438e-02 7.065105e-02 6.940054e-02 7.171096e-02 6.973737e-02 7.038472e-02 7.497750e-02 6.751860e-02 7.411862e-02 6.917514e-02 7.412475e-02 6.979312e-02 7.107942e-02 6.831354e-02 
74 963 7.787393e-02 0 0 7.764434e-02 8.011772e-02 7.457230e-02 7.465716e-02 7.683822e-02 7.401661e-02 6.317340e-02 8.022196e-02 7.497595e-02 7.411176e-02 7.386675e-02 7.452437e-02 7.234698e-02 7.469604e-02 7.273805e-02 7.325201e-02 7.795977e-02 7.043301e-02 7.696814e-02 7.299259e-02 7.698338e-02 7.387458e-02 7.458103e-02 7.115335e-02 
75 976 7.752318e-02 0 0 7.741351e-02 8.001436e-02 7.397802e-02 7.441657e-02 7.642266e-02 7.353459e-02 6.266242e-02 7.983927e-02 7.449991e-02 7.371746e-02 7.332946e-02 7.417081e-02 7.189587e-02 7.420717e-02 7.232490e-02 7.329368e-02 7.743928e-02 6.986875e-02 7.646420e-02 7.250232e-02 7.671529e-02 7.402832e-02 7.454322e-02 7.067050e-02 
76 989 7.634892e-02 0 0 7.713513e-02 7.870350e-02 7.274557e-02 7.332905e-02 7.526009e-02 7.256310e-02 6.145419e-02 7.859842e-02 7.307832e-02 7.256471e-02 7.209257e-02 7.285476e-02 7.070466e-02 7.280091e-02 7.123789e-02 7.228265e-02 7.608939e-02 6.867722e-02 7.503292e-02 7.123473e-02 7.604168e-02 7.342669e-02 7.337266e-02 6.942876e-02 
77 1002 7.510536e-02 0 0 7.598861e-02 7.733473e-02 7.137140e-02 7.250752e-02 7.376005e-02 7.125161e-02 6.038629e-02 7.748500e-02 7.173810e-02 7.144038e-02 7.070154e-02 7.148980e-02 6.949563e-02 7.144591e-02 6.999061e-02 7.124735e-02 7.485728e-02 6.740217e-02 7.368802e-02 6.985428e-02 7.476593e-02 7.214967e-02 7.209858e-02 6.813994e-02 
78 1015 7.552286e-02 0 0 7.646143e-02 7.755423e-02 7.171367e-02 7.305837e-02 7.447401e-02 7.193106e-02 6.047552e-02 7.818830e-02 7.201733e-02 7.197395e-02 7.085805e-02 7.166118e-02 7.005006e-02 7.160651e-02 7.009303e-02 7.167589e-02 7.514690e-02 6.773482e-02 7.429737e-02 7.014809e-02 7.512619e-02 7.360298e-02 7.246726e-02 6.823630e-02 
79 1028 7.541121e-02 0 0 7.614945e-02 7.719226e-02 7.158737e-02 7.329694e-02 7.447673e-02 7.165459e-02 6.020002e-02 7.846144e-02 7.189082e-02 7.155505e-02 7.056183e-02 7.161112e-02 6.970040e-02 7.138861e-02 6.969585e-02 7.183807e-02 7.533012e-02 6.745770e-02 7.410470e-02 6.989276e-02 7.503396e-02 7.389704e-02 7.216904e-02 6.799839e-02 
80 1041 7.615702e-02 0 0 7.742155e-02 7.792929e-02 7.248385e-02 7.439842e-02 7.531067e-02 7.223158e-02 6.061249e-02 7.942932e-02 7.254365e-02 7.204794e-02 7.120954e-02 7.207383e-02 7.033890e-02 7.188846e-02 7.028391e-02 7.274631e-02 7.590359e-02 6.815070e-02 7.494121e-02 7.051868e-02 7.549593e-02 7.493761e-02 7.258929e-02 6.850812e-02 
81 1054 7.614711e-02 0 0 7.754720e-02 7.772739e-02 7.256759e-02 7.447931e-02 7.559535e-02 7.219489e-02 6.036442e-02 7.947042e-02 7.279012e-02 7.209517e-02 7.110135e-02 7.200984e-02 7.017348e-02 7.169133e-02 7.015687e-02 7.301805e-02 7.587363e-02 6.804995e-02 7.473890e-02 7.032679e-02 7.518336e-02 7.505691e-02 7.272321e-02 6.831738e-02 
82 1067 7.498249e-02 0 0 7.629272e-02 7.632138e-02 7.141206e-02 7.371720e-02 7.428799e-02 7.081437e-02 5.923299e-02 7.805627e-02 7.178236e-02 7.082070e-02 7.004157e-02 7.071840e-02 6.888620e-02 7.031170e-02 6.903836e-02 7.203763e-02 7.529354e-02 6.681598e-02 7.370150e-02 6.915598e-02 7.397365e-02 7.407230e-02 7.151928e-02 6.729362e-02 
83 1080 7.400870e-02 0 0 7.551922e-02 7.555184e-02 7.039920e-02 7.302626e-02 7.323292e-02 6.974622e-02 5.824569e-02 7.689181e-02 7.070844e-02 6.973095e-02 6.905956e-02 6.951730e-02 6.786257e-02 6.979416e-02 6.782961e-02 7.101693e-02 7.434075e-02 6.570843e-02 7.257723e-02 6.807872e-02 7.272289e-02 7.304060e-02 7.045407e-02 6.632519e-02 
84 1093 7.284748e-02 0 0 7.418692e-02 7.420385e-02 6.920005e-02 7.215634e-02 7.181792e-02 6.840007e-02 5.719510e-02 7.568702e-02 6.941201e-02 6.842949e-02 6.808578e-02 6.824157e-02 6.682655e-02 6.864161e-02 6.669029e-02 6.972336e-02 7.313275e-02 6.455102e-02 7.124101e-02 6.706802e-02 7.145498e-02 7.206029e-02 7.009279e-02 6.522898e-02 
85 1106 7.235863e-02 0 0 7.392394e-02 7.393132e-02 6.853126e-02 7.166209e-02 7.105624e-02 6.837796e-02 5.662474e-02 7.511903e-02 6.902758e-02 6.810025e-02 6.742374e-02 6.765872e-02 6.612135e-02 6.800392e-02 6.647561e-02 6.922357e-02 7.291927e-02 6.404085e-02 7.056937e-02 6.653285e-02 7.087552e-02 7.161230e-02 6.986397e-02 6.453902e-02 
86 1119 7.386066e-02 0 0 7.628858e-02 7.524771e-02 7.015274e-02 7.327691e-02 7.231462e-02 7.038479e-02 5.756610e-02 7.644794e-02 7.036220e-02 6.946273e-02 6.903305e-02 6.882297e-02 6.739082e-02 6.925748e-02 6.768062e-02 7.058133e-02 7.500949e-02 6.542959e-02 7.177689e-02 6.771820e-02 7.225005e-02 7.307075e-02 7.156957e-02 6.563949e-02 
87 1132 7.343311e-02 0 0 7.587512e-02 7.459852e-02 7.002170e-02 7.263723e-02 7.207057e-02 6.989579e-02 5.699627e-02 7.582376e-02 6.981682e-02 6.902094e-02 6.848410e-02 6.822673e-02 6.688540e-02 6.888471e-02 6.722883e-02 7.002119e-02 7.463433e-02 6.498333e-02 7.123642e-02 6.713279e-02 7.172419e-02 7.267394e-02 7.155887e-02 6.517010e-02 
88 1145 7.337380e-02 0 0 7.568066e-02 7.455741e-02 6.989909e-02 7.231560e-02 7.176998e-02 7.014114e-02 5.672934e-02 7.556322e-02 6.972126e-02 6.906490e-02 6.839399e-02 6.836609e-02 6.677990e-02 6.888038e-02 6.703159e-02 6.985099e-02 7.453575e-02 6.473164e-02 7.099843e-02 6.706593e-02 7.186747e-02 7.256513e-02 7.203124e-02 6.504260e-02 
89 1158 7.262520e-02 0 0 7.481831e-02 7.376026e-02 6.916638e-02 7.136979e-02 7.091918e-02 6.967808e-02 5.594967e-02 7.470601e-02 6.888257e-02 6.824832e-02 6.755604e-02 6.786790e-02 6.588729e-02 6.793343e-02 6.610139e-02 6.915494e-02 7.419242e-02 6.397736e-02 7.008665e-02 6.624611e-02 7.107649e-02 7.172920e-02 7.160480e-02 6.453688e-02 
90 1171 7.078953e-02 0 0 7.277373e-02 7.188676e-02 6.728509e-02 6.927894e-02 6.920403e-02 6.787974e-02 5.436844e-02 7.260706e-02 6.706822e-02 6.633924e-02 6.585538e-02 6.646356e-02 6.436366e-02 6.616628e-02 6.419280e-02 6.728038e-02 7.228281e-02 6.225269e-02 6.814316e-02 6.462843e-02 6.908397e-02 6.966873e-02 7.007435e-02 6.264386e-02 
91 1184 6.964782e-02 0 0 7.154581e-02 7.059762e-02 6.599272e-02 6.820251e-02 6.789868e-02 6.659507e-02 5.334508e-02 7.129837e-02 6.574423e-02 6.509239e-02 6.479139e-02 6.524428e-02 6.395212e-02 6.525890e-02 6.298497e-02 6.594858e-02 7.086671e-02 6.115287e-02 6.767497e-02 6.394376e-02 6.783525e-02 6.867014e-02 6.900946e-02 6.189457e-02 
92 1197 6.513280e-02 0 0 6.688959e-02 6.594312e-02 6.147968e-02 6.371038e-02 6.332467e-02 6.220230e-02 4.984563e-02 6.653885e-02 6.139018e-02 6.068583e-02 6.069086e-02 6.088575e-02 5.970384e-02 6.106283e-02 5.875673e-02 6.152350e-02 6.614478e-02 5.698762e-02 6.332953e-02 5.965139e-02 6.326223e-02 6.415945e-02 6.449703e-02 5.773363e-02 
93 1210 6.258559e-02 0 0 6.411513e-02 6.345604e-02 5.888530e-02 6.100579e-02 6.090519e-02 5.956451e-02 4.770697e-02 6.370788e-02 5.879894e-02 5.809711e-02 5.866191e-02 5.831048e-02 5.768742e-02 5.862205e-02 5.620690e-02 5.931590e-02 6.331461e-02 5.461660e-02 6.091338e-02 5.720890e-02 6.065597e-02 6.149039e-02 6.185591e-02 5.538661e-02 
94 1223 6.094316e-02 0 0 6.220831e-02 6.185251e-02 5.732869e-02 5.925165e-02 5.933270e-02 5.791817e-02 4.631443e-02 6.197724e-02 5.714650e-02 5.641186e-02 5.695745e-02 5.670148e-02 5.624730e-02 5.690572e-02 5.450842e-02 5.785745e-02 6.170295e-02 5.299893e-02 5.940121e-02 5.559820e-02 5.930527e-02 5.965753e-02 6.004693e-02 5.395578e-02 
95 1236 5.993245e-02 0 0 6.126441e-02 6.066387e-02 5.633225e-02 5.827001e-02 5.826904e-02 5.677890e-02 4.540196e-02 6.078808e-02 5.604182e-02 5.526549e-02 5.591126e-02 5.606894e-02 5.512535e-02 5.599454e-02 5.337428e-02 5.713076e-02 6.061094e-02 5.195121e-02 5.850744e-02 5.449166e-02 5.827522e-02 5.856677e-02 5.938049e-02 5.333218e-02 
96 1249 5.918095e-02 0 0 6.040892e-02 5.965877e-02 5.555050e-02 5.754841e-02 5.735889e-02 5.598521e-02 4.469377e-02 5.991014e-02 5.521316e-02 5.487140e-02 5.505684e-02 5.542701e-02 5.430463e-02 5.537819e-02 5.254742e-02 5.668507e-02 5.964160e-02 5.120639e-02 5.777410e-02 5.362007e-02 5.740141e-02 5.769813e-02 5.886037e-02 5.260390e-02 
97 1262 5.755019e-02 0 0 5.858542e-02 5.783652e-02 5.382184e-02 5.600398e-02 5.559653e-02 5.423427e-02 4.332556e-02 5.811567e-02 5.380417e-02 5.334259e-02 5.330838e-02 5.419101e-02 5.270758e-02 5.374527e-02 5.088758e-02 5.513038e-02 5.795428e-02 4.981104e-02 5.609558e-02 5.206875e-02 5.608831e-02 5.590679e-02 5.728724e-02 5.121784e-02 
98 1275 5.693962e-02 0 0 5.778764e-02 5.736003e-02 5.308353e-02 5.523094e-02 5.508630e-02 5.411723e-02 4.276344e-02 5.746964e-02 5.306647e-02 5.272307e-02 5.274675e-02 5.381085e-02 5.217219e-02 5.314071e-02 5.013890e-02 5.471464e-02 5.726255e-02 4.925185e-02 5.552697e-02 5.139870e-02 5.553762e-02 5.509220e-02 5.652846e-02 5.057909e-02 
99 1288 5.634591e-02 0 0 5.702601e-02 5.653229e-02 5.237255e-02 5.465225e-02 5.439043e-02 5.340298e-02 4.220069e-02 5.673826e-02 5.229269e-02 5.217856e-02 5.239586e-02 5.335113e-02 5.157749e-02 5.252052e-02 4.940106e-02 5.426393e-02 5.681764e-02 4.872323e-02 5.481044e-02 5.079386e-02 5.499259e-02 5.429844e-02 5.613991e-02 4.995656e-02 
100 1301 5.522663e-02 0 0 5.580524e-02 5.525083e-02 5.125626e-02 5.353921e-02 5.325267e-02 5.216473e-02 4.120465e-02 5.587815e-02 5.105561e-02 5.115506e-02 5.152423e-02 5.223945e-02 5.050130e-02 5.152335e-02 4.836567e-02 5.336536e-02 5.567531e-02 4.790077e-02 5.355735e-02 4.963361e-02 5.406866e-02 5.299638e-02 5.490987e-02 4.894028e-02 
101 1314 5.297082e-02 0 0 5.348244e-02 5.298146e-02 4.903233e-02 5.123939e-02 5.096504e-02 4.986055e-02 3.936882e-02 5.346031e-02 4.885858e-02 4.900700e-02 4.952403e-02 5.002600e-02 4.843633e-02 4.948249e-02 4.642954e-02 5.116839e-02 5.335822e-02 4.598322e-02 5.121766e-02 4.750227e-02 5.174796e-02 5.066791e-02 5.253555e-02 4.682723e-02 
102 1327 5.233479e-02 0 0 5.273819e-02 5.233540e-02 4.834854e-02 5.051452e-02 5.028144e-02 4.919337e-02 3.875648e-02 5.265610e-02 4.836143e-02 4.839816e-02 4.978195e-02 4.927717e-02 4.769743e-02 4.880023e-02 4.569730e-02 5.072026e-02 5.255947e-02 4.540813e-02 5.047129e-02 4.683624e-02 5.096013e-02 5.003855e-02 5.177803e-02 4.613163e-02 
103 1340 5.041333e-02 0 0 5.068113e-02 5.029070e-02 4.648175e-02 4.858239e-02 4.834291e-02 4.743827e-02 3.716663e-02 5.059584e-02 4.652129e-02 4.657636e-02 4.813903e-02 4.755998e-02 4.579802e-02 4.700964e-02 4.387010e-02 4.895721e-02 5.055584e-02 4.364339e-02 4.858990e-02 4.512397e-02 4.929703e-02 4.801540e-02 4.983822e-02 4.433397e-02 
104 1353 5.048759e-02 0 0 5.131081e-02 5.132436e-02 4.641320e-02 4.863702e-02 4.833075e-02 4.737073e-02 3.707231e-02 5.080161e-02 4.667425e-02 4.654596e-02 4.828924e-02 4.743812e-02 4.572738e-02 4.689616e-02 4.384160e-02 4.942793e-02 5.045106e-02 4.354428e-02 4.857352e-02 4.507865e-02 4.934664e-02 4.801549e-02 4.974931e-02 4.427849e-02 
105 1366 4.955954e-02 0 0 5.074139e-02 5.040779e-02 4.547226e-02 4.776714e-02 4.736301e-02 4.651111e-02 3.627969e-02 4.985079e-02 4.585293e-02 4.553070e-02 4.737218e-02 4.647201e-02 4.474493e-02 4.589069e-02 4.295659e-02 4.867434e-02 4.948035e-02 4.258522e-02 4.758250e-02 4.442612e-02 4.837838e-02 4.708961e-02 4.877632e-02 4.329848e-02 
106 1379 4.928442e-02 0 0 5.073005e-02 5.021376e-02 4.518313e-02 4.759729e-02 4.709206e-02 4.627348e-02 3.594256e-02 4.946687e-02 4.571626e-02 4.509037e-02 4.699886e-02 4.606667e-02 4.437780e-02 4.560245e-02 4.257944e-02 4.853587e-02 4.913123e-02 4.217765e-02 4.752285e-02 4.421726e-02 4.807976e-02 4.664614e-02 4.844139e-02 4.311734e-02 
107 1392 4.919897e-02 0 0 5.072701e-02 5.017188e-02 4.509078e-02 4.774910e-02 4.696362e-02 4.639449e-02 3.582275e-02 4.930723e-02 4.564018e-02 4.489024e-02 4.724976e-02 4.579779e-02 4.439240e-02 4.545730e-02 4.257156e-02 4.845071e-02 4.903558e-02 4.199830e-02 4.736838e-02 4.435884e-02 4.785849e-02 4.655758e-02 4.836764e-02 4.295258e-02 
108 1405 4.905805e-02 0 0 5.118059e-02 5.007184e-02 4.490867e-02 4.770747e-02 4.676484e-02 4.613205e-02 3.559088e-02 4.913771e-02 4.535001e-02 4.500005e-02 4.711725e-02 4.550062e-02 4.430398e-02 4.525058e-02 4.256203e-02 4.819649e-02 4.902406e-02 4.171804e-02 4.729573e-02 4.434072e-02 4.751560e-02 4.632640e-02 4.819525e-02 4.278063e-02 
109 1418 4.761848e-02 0 0 4.970152e-02 4.884959e-02 4.359879e-02 4.623051e-02 4.554564e-02 4.466894e-02 3.443471e-02 4.766113e-02 4.385037e-02 4.360283e-02 4.575056e-02 4.425796e-02 4.285593e-02 4.392461e-02 4.130598e-02 4.695927e-02 4.760104e-02 4.038340e-02 4.597306e-02 4.293523e-02 4.592711e-02 4.483366e-02 4.699439e-02 4.151298e-02 
110 1431 4.730715e-02 0 0 4.927437e-02 4.881086e-02 4.364571e-02 4.588862e-02 4.508834e-02 4.453792e-02 3.406880e-02 4.735861e-02 4.349800e-02 4.331362e-02 4.545543e-02 4.402886e-02 4.244126e-02 4.347426e-02 4.101214e-02 4.664106e-02 4.725532e-02 4.023036e-02 4.552828e-02 4.276806e-02 4.552085e-02 4.445181e-02 4.652046e-02 4.128182e-02 
111 1444 4.735443e-02 0 0 4.930703e-02 4.893260e-02 4.354723e-02 4.578625e-02 4.501643e-02 4.455981e-02 3.396656e-02 4.732470e-02 4.379940e-02 4.359475e-02 4.555658e-02 4.410728e-02 4.234285e-02 4.363454e-02 4.110614e-02 4.695949e-02 4.711745e-02 4.023239e-02 4.538631e-02 4.273552e-02 4.543715e-02 4.446735e-02 4.641666e-02 4.142862e-02 
112 1457 4.596650e-02 0 0 4.767155e-02 4.753782e-02 4.219273e-02 4.429622e-02 4.370463e-02 4.318026e-02 3.286978e-02 4.602835e-02 4.249135e-02 4.268578e-02 4.428621e-02 4.263139e-02 4.102918e-02 4.229556e-02 3.977006e-02 4.572685e-02 4.562924e-02 3.897366e-02 4.389297e-02 4.138691e-02 4.398756e-02 4.304249e-02 4.491322e-02 4.018150e-02 
113 1470 4.378816e-02 0 0 4.524629e-02 4.518705e-02 4.013173e-02 4.221929e-02 4.149512e-02 4.103141e-02 3.118497e-02 4.382306e-02 4.042899e-02 4.068609e-02 4.220002e-02 4.043483e-02 3.913144e-02 4.011479e-02 3.778287e-02 4.350108e-02 4.333354e-02 3.719935e-02 4.166896e-02 3.929695e-02 4.171143e-02 4.084595e-02 4.266688e-02 3.826817e-02 
114 1483 4.194298e-02 0 0 4.324727e-02 4.340413e-02 3.828244e-02 4.046399e-02 3.958218e-02 3.927403e-02 2.977365e-02 4.185044e-02 3.869156e-02 3.896721e-02 4.030068e-02 3.866466e-02 3.764066e-02 3.834312e-02 3.610197e-02 4.153831e-02 4.142271e-02 3.556822e-02 3.986335e-02 3.762844e-02 3.984192e-02 3.904141e-02 4.090297e-02 3.668645e-02 
115 1496 4.051097e-02 0 0 4.177084e-02 4.179569e-02 3.691807e-02 3.897279e-02 3.812969e-02 3.778516e-02 2.864794e-02 4.026442e-02 3.733784e-02 3.775767e-02 3.892491e-02 3.719436e-02 3.651950e-02 3.706294e-02 3.476163e-02 3.998302e-02 4.005349e-02 3.445802e-02 3.838987e-02 3.621313e-02 3.852805e-02 3.760676e-02 3.979848e-02 3.550311e-02 
116 1509 3.815652e-02 0 0 3.932900e-02 3.936760e-02 3.476606e-02 3.658547e-02 3.595014e-02 3.543933e-02 2.693023e-02 3.783729e-02 3.517272e-02 3.548140e-02 3.650601e-02 3.502301e-02 3.444092e-02 3.483033e-02 3.274041e-02 3.774366e-02 3.760682e-02 3.238369e-02 3.605994e-02 3.403252e-02 3.617349e-02 3.533197e-02 3.751973e-02 3.331045e-02 
117 1522 3.652907e-02 0 0 3.768811e-02 3.760656e-02 3.335687e-02 3.489622e-02 3.449020e-02 3.387659e-02 2.568168e-02 3.620839e-02 3.381976e-02 3.387303e-02 3.506308e-02 3.342266e-02 3.289739e-02 3.323715e-02 3.133592e-02 3.598934e-02 3.605683e-02 3.090228e-02 3.485366e-02 3.250215e-02 3.452261e-02 3.373393e-02 3.598836e-02 3.186243e-02 
118 1535 3.516582e-02 0 0 3.634437e-02 3.608742e-02 3.205254e-02 3.358464e-02 3.332982e-02 3.257356e-02 2.462347e-02 3.472348e-02 3.248644e-02 3.262588e-02 3.373511e-02 3.205652e-02 3.162296e-02 3.203392e-02 3.009076e-02 3.462062e-02 3.496691e-02 2.977843e-02 3.365098e-02 3.123810e-02 3.340870e-02 3.236744e-02 3.460491e-02 3.064560e-02 
119 1548 3.447879e-02 0 0 3.570836e-02 3.528376e-02 3.135494e-02 3.292493e-02 3.267332e-02 3.189775e-02 2.404694e-02 3.397876e-02 3.177624e-02 3.188016e-02 3.327391e-02 3.138289e-02 3.118176e-02 3.128578e-02 2.941310e-02 3.402550e-02 3.433758e-02 2.930585e-02 3.293899e-02 3.053160e-02 3.266603e-02 3.169996e-02 3.403824e-02 3.037687e-02 
120 1561 3.344058e-02 0 0 3.463394e-02 3.415980e-02 3.052394e-02 3.182475e-02 3.159318e-02 3.098833e-02 2.325549e-02 3.283066e-02 3.074604e-02 3.087409e-02 3.235577e-02 3.034842e-02 3.017754e-02 3.028915e-02 2.844611e-02 3.302269e-02 3.336924e-02 2.832666e-02 3.185944e-02 2.957650e-02 3.173595e-02 3.069266e-02 3.289259e-02 2.941550e-02 
121 1574 3.236876e-02 0 0 3.366288e-02 3.299587e-02 2.958967e-02 3.074829e-02 3.053277e-02 2.992124e-02 2.247690e-02 3.172863e-02 2.966231e-02 2.981076e-02 3.125871e-02 2.926811e-02 2.914256e-02 2.942437e-02 2.750389e-02 3.187823e-02 3.222772e-02 2.734631e-02 3.078584e-02 2.857627e-02 3.063897e-02 2.982182e-02 3.180264e-02 2.843392e-02 
122 1587 3.054047e-02 0 0 3.172552e-02 3.105198e-02 2.798825e-02 2.899501e-02 2.876802e-02 2.821562e-02 2.123229e-02 3.003124e-02 2.796644e-02 2.814418e-02 2.945090e-02 2.749244e-02 2.746880e-02 2.775579e-02 2.587939e-02 3.007725e-02 3.031822e-02 2.572358e-02 2.907983e-02 2.690031e-02 2.879241e-02 2.802469e-02 2.992175e-02 2.672421e-02 
123 1600 2.980044e-02 0 0 3.090952e-02 3.034708e-02 2.730684e-02 2.856658e-02 2.803679e-02 2.764617e-02 2.067388e-02 2.930861e-02 2.719846e-02 2.736461e-02 2.881241e-02 2.674094e-02 2.682299e-02 2.704999e-02 2.523117e-02 2.922681e-02 2.966581e-02 2.499545e-02 2.833662e-02 2.616943e-02 2.806709e-02 2.736252e-02 2.924394e-02 2.622251e-02 
124 1613 2.873354e-02 0 0 2.971367e-02 2.918916e-02 2.625163e-02 2.746133e-02 2.699448e-02 2.669899e-02 1.985862e-02 2.817622e-02 2.612167e-02 2.632236e-02 2.772307e-02 2.571190e-02 2.597079e-02 2.606292e-02 2.425928e-02 2.813458e-02 2.851655e-02 2.402478e-02 2.733205e-02 2.525955e-02 2.703760e-02 2.632200e-02 2.820008e-02 2.520275e-02 
125 1626 2.883470e-02 0 0 2.978623e-02 2.934000e-02 2.660738e-02 2.750441e-02 2.730413e-02 2.689024e-02 1.984837e-02 2.823808e-02 2.635521e-02 2.638611e-02 2.771197e-02 2.571573e-02 2.603041e-02 2.606871e-02 2.432776e-02 2.818054e-02 2.860236e-02 2.401086e-02 2.740961e-02 2.530428e-02 2.709623e-02 2.644609e-02 2.833536e-02 2.534082e-02 
126 1639 2.894068e-02 0 0 2.979275e-02 2.939341e-02 2.668444e-02 2.754100e-02 2.739671e-02 2.707577e-02 1.988793e-02 2.827124e-02 2.649723e-02 2.645485e-02 2.772345e-02 2.579451e-02 2.624550e-02 2.610717e-02 2.439888e-02 2.824416e-02 2.865455e-02 2.412581e-02 2.742359e-02 2.529517e-02 2.709752e-02 2.643816e-02 2.843127e-02 2.550899e-02 
127 1652 2.821416e-02 0 0 2.906036e-02 2.867509e-02 2.592429e-02 2.685422e-02 2.670383e-02 2.641467e-02 1.934719e-02 2.748452e-02 2.577162e-02 2.580412e-02 2.698553e-02 2.528559e-02 2.557042e-02 2.535182e-02 2.372849e-02 2.748824e-02 2.790512e-02 2.347820e-02 2.667872e-02 2.464153e-02 2.636878e-02 2.576771e-02 2.766879e-02 2.492217e-02 
128 1665 2.769019e-02 0 0 2.846579e-02 2.808936e-02 2.540736e-02 2.636934e-02 2.624471e-02 2.584786e-02 1.893346e-02 2.687058e-02 2.524486e-02 2.530077e-02 2.641934e-02 2.477499e-02 2.544550e-02 2.485943e-02 2.325077e-02 2.689138e-02 2.736934e-02 2.297040e-02 2.610931e-02 2.411969e-02 2.582584e-02 2.521343e-02 2.739222e-02 2.442539e-02 
129 1678 2.599750e-02 0 0 2.670306e-02 2.628147e-02 2.379693e-02 2.467121e-02 2.467120e-02 2.426078e-02 1.773547e-02 2.519514e-02 2.362500e-02 2.365940e-02 2.475642e-02 2.327245e-02 2.385321e-02 2.325241e-02 2.177722e-02 2.515503e-02 2.566925e-02 2.153145e-02 2.444300e-02 2.272067e-02 2.424657e-02 2.358371e-02 2.567562e-02 2.289729e-02 
130 1691 2.473785e-02 0 0 2.537065e-02 2.496452e-02 2.261511e-02 2.344522e-02 2.359227e-02 2.301870e-02 1.682077e-02 2.396191e-02 2.244108e-02 2.242902e-02 2.349733e-02 2.216328e-02 2.267713e-02 2.205254e-02 2.065880e-02 2.387265e-02 2.451121e-02 2.044017e-02 2.320659e-02 2.167086e-02 2.304142e-02 2.238140e-02 2.436794e-02 2.170674e-02 
131 1704 2.394384e-02 0 0 2.449142e-02 2.414987e-02 2.182502e-02 2.268000e-02 2.289372e-02 2.218194e-02 1.624996e-02 2.314095e-02 2.165117e-02 2.164958e-02 2.266313e-02 2.148651e-02 2.192957e-02 2.131755e-02 1.993067e-02 2.308074e-02 2.378735e-02 1.987329e-02 2.243325e-02 2.102176e-02 2.237955e-02 2.158341e-02 2.361235e-02 2.097989e-02 
132 1717 2.357248e-02 0 0 2.406260e-02 2.375656e-02 2.147634e-02 2.235190e-02 2.257040e-02 2.175620e-02 1.594197e-02 2.269755e-02 2.123064e-02 2.123916e-02 2.226318e-02 2.109399e-02 2.170264e-02 2.099746e-02 1.953773e-02 2.268228e-02 2.342693e-02 1.958162e-02 2.206080e-02 2.067683e-02 2.199789e-02 2.124336e-02 2.331579e-02 2.070079e-02 
133 1730 2.306551e-02 0 0 2.349855e-02 2.315994e-02 2.104448e-02 2.185433e-02 2.208820e-02 2.129445e-02 1.553729e-02 2.218227e-02 2.075547e-02 2.074565e-02 2.171302e-02 2.059951e-02 2.126984e-02 2.051472e-02 1.903241e-02 2.213179e-02 2.286601e-02 1.933895e-02 2.157575e-02 2.018146e-02 2.148407e-02 2.072459e-02 2.292944e-02 2.021272e-02 
134 1743 2.245383e-02 0 0 2.280565e-02 2.260888e-02 2.043010e-02 2.128362e-02 2.148168e-02 2.066415e-02 1.509544e-02 2.170117e-02 2.017600e-02 2.017681e-02 2.113426e-02 2.006806e-02 2.072871e-02 1.990379e-02 1.850411e-02 2.146865e-02 2.223095e-02 1.887501e-02 2.094898e-02 1.966732e-02 2.082797e-02 2.012609e-02 2.232186e-02 1.971171e-02 
135 1756 2.143780e-02 0 0 2.170636e-02 2.157341e-02 1.946857e-02 2.028482e-02 2.044661e-02 1.968545e-02 1.437495e-02 2.063580e-02 1.921302e-02 1.921055e-02 2.016279e-02 1.915728e-02 1.988033e-02 1.893650e-02 1.760483e-02 2.049885e-02 2.117442e-02 1.800917e-02 1.996865e-02 1.873688e-02 1.984660e-02 1.915570e-02 2.126756e-02 1.879168e-02 
136 1769 2.163148e-02 0 0 2.205594e-02 2.175126e-02 1.959626e-02 2.055195e-02 2.078514e-02 1.994865e-02 1.446733e-02 2.075029e-02 1.937590e-02 1.935662e-02 2.032752e-02 1.925902e-02 2.018822e-02 1.902409e-02 1.770446e-02 2.061539e-02 2.156148e-02 1.820368e-02 2.015132e-02 1.883859e-02 2.004115e-02 1.942405e-02 2.146836e-02 1.898572e-02 
137 1782 2.204713e-02 0 0 2.256870e-02 2.211371e-02 1.992604e-02 2.088482e-02 2.125075e-02 2.040090e-02 1.468508e-02 2.135529e-02 1.971109e-02 1.965579e-02 2.088433e-02 1.961535e-02 2.059288e-02 1.937560e-02 1.800084e-02 2.093239e-02 2.191704e-02 1.863396e-02 2.047351e-02 1.913453e-02 2.038752e-02 1.979497e-02 2.185144e-02 1.930166e-02 
138 1795 2.267622e-02 0 0 2.333194e-02 2.272077e-02 2.064249e-02 2.142476e-02 2.186115e-02 2.097467e-02 1.507313e-02 2.206032e-02 2.034452e-02 2.015766e-02 2.151427e-02 2.012850e-02 2.115328e-02 1.997787e-02 1.844630e-02 2.153401e-02 2.256865e-02 1.920676e-02 2.097462e-02 1.961214e-02 2.095534e-02 2.027187e-02 2.249704e-02 1.978534e-02 
139 1808 2.348887e-02 0 0 2.423526e-02 2.350843e-02 2.150710e-02 2.219230e-02 2.266980e-02 2.169373e-02 1.555014e-02 2.309467e-02 2.111459e-02 2.079769e-02 2.247252e-02 2.085132e-02 2.191009e-02 2.067823e-02 1.910434e-02 2.228904e-02 2.338313e-02 2.009445e-02 2.182256e-02 2.026889e-02 2.170711e-02 2.097077e-02 2.334604e-02 2.040802e-02 
140 1821 2.365379e-02 0 0 2.443267e-02 2.365306e-02 2.165119e-02 2.226426e-02 2.279949e-02 2.183177e-02 1.561217e-02 2.329706e-02 2.122407e-02 2.087143e-02 2.259811e-02 2.094847e-02 2.203532e-02 2.081283e-02 1.918053e-02 2.240894e-02 2.358343e-02 2.029157e-02 2.195440e-02 2.032685e-02 2.180196e-02 2.112283e-02 2.355680e-02 2.051461e-02 
141 1834 2.410338e-02 0 0 2.487825e-02 2.415963e-02 2.208965e-02 2.261882e-02 2.323632e-02 2.233871e-02 1.590124e-02 2.398092e-02 2.160235e-02 2.125143e-02 2.306501e-02 2.127257e-02 2.242112e-02 2.116658e-02 1.946505e-02 2.283153e-02 2.401293e-02 2.071764e-02 2.253364e-02 2.064443e-02 2.214951e-02 2.146142e-02 2.405724e-02 2.082001e-02 
142 1847 2.402792e-02 0 0 2.476081e-02 2.402628e-02 2.200706e-02 2.245352e-02 2.325286e-02 2.220467e-02 1.580039e-02 2.405188e-02 2.146910e-02 2.111607e-02 2.296401e-02 2.118170e-02 2.233529e-02 2.111057e-02 1.934074e-02 2.276579e-02 2.394455e-02 2.067683e-02 2.246988e-02 2.050349e-02 2.209453e-02 2.136551e-02 2.388924e-02 2.079796e-02 
143 1860 2.343009e-02 0 0 2.421637e-02 2.339198e-02 2.148693e-02 2.187463e-02 2.284128e-02 2.159074e-02 1.536931e-02 2.352228e-02 2.086683e-02 2.057413e-02 2.235782e-02 2.059755e-02 2.181281e-02 2.054096e-02 1.878546e-02 2.214280e-02 2.344056e-02 2.016371e-02 2.184943e-02 1.996126e-02 2.157855e-02 2.076989e-02 2.323915e-02 2.026523e-02 
144 1873 2.240690e-02 0 0 2.307035e-02 2.231518e-02 2.048893e-02 2.097659e-02 2.183111e-02 2.059568e-02 1.463597e-02 2.249060e-02 1.997013e-02 1.962402e-02 2.134983e-02 1.965367e-02 2.083013e-02 1.957901e-02 1.791184e-02 2.119303e-02 2.235649e-02 1.924744e-02 2.094182e-02 1.904774e-02 2.058380e-02 1.981216e-02 2.220013e-02 1.932458e-02 
145 1886 2.165833e-02 0 0 2.223774e-02 2.158344e-02 1.973653e-02 2.039387e-02 2.107702e-02 1.988954e-02 1.410431e-02 2.176668e-02 1.933537e-02 1.890880e-02 2.057438e-02 1.903187e-02 2.010269e-02 1.887596e-02 1.731387e-02 2.042409e-02 2.164523e-02 1.857453e-02 2.021581e-02 1.835384e-02 1.999024e-02 1.909085e-02 2.137756e-02 1.863886e-02 
146 1899 2.102153e-02 0 0 2.155022e-02 2.091054e-02 1.938157e-02 1.977542e-02 2.040335e-02 1.934216e-02 1.365308e-02 2.114480e-02 1.872697e-02 1.832103e-02 1.997069e-02 1.842126e-02 1.962058e-02 1.828443e-02 1.673327e-02 1.982233e-02 2.096522e-02 1.801516e-02 1.956300e-02 1.774501e-02 1.940394e-02 1.846446e-02 2.075566e-02 1.806762e-02 
147 1912 2.103846e-02 0 0 2.148603e-02 2.089249e-02 1.957240e-02 1.998386e-02 2.043950e-02 1.931287e-02 1.361070e-02 2.120595e-02 1.870327e-02 1.842099e-02 1.991301e-02 1.837284e-02 1.965863e-02 1.822297e-02 1.668073e-02 1.976442e-02 2.102211e-02 1.813316e-02 1.954834e-02 1.770679e-02 1.942129e-02 1.843895e-02 2.081561e-02 1.808447e-02 
148 1925 2.088738e-02 0 0 2.129241e-02 2.067386e-02 1.950286e-02 1.993519e-02 2.031646e-02 1.915168e-02 1.351221e-02 2.115535e-02 1.860092e-02 1.823007e-02 1.974988e-02 1.820213e-02 1.952849e-02 1.808455e-02 1.649666e-02 1.978323e-02 2.083888e-02 1.807393e-02 1.935033e-02 1.754669e-02 1.922969e-02 1.822885e-02 2.071540e-02 1.790503e-02 
149 1938 2.024052e-02 0 0 2.061898e-02 1.997720e-02 1.895767e-02 1.930416e-02 1.966266e-02 1.854187e-02 1.304339e-02 2.052971e-02 1.795011e-02 1.761799e-02 1.908561e-02 1.767509e-02 1.890437e-02 1.749478e-02 1.591564e-02 1.911305e-02 2.012963e-02 1.749382e-02 1.872339e-02 1.697514e-02 1.866387e-02 1.759368e-02 2.000764e-02 1.742926e-02 
150 1951 1.962761e-02 0 0 1.994658e-02 1.938363e-02 1.845663e-02 1.873486e-02 1.917765e-02 1.803098e-02 1.261820e-02 1.988546e-02 1.738825e-02 1.704878e-02 1.843302e-02 1.712698e-02 1.833793e-02 1.694562e-02 1.536721e-02 1.849263e-02 1.946116e-02 1.695970e-02 1.815104e-02 1.641675e-02 1.804431e-02 1.699835e-02 1.933528e-02 1.688781e-02 
151 1964 1.927738e-02 0 0 1.951661e-02 1.900649e-02 1.811027e-02 1.836843e-02 1.882585e-02 1.767077e-02 1.234398e-02 1.954268e-02 1.700828e-02 1.681463e-02 1.809507e-02 1.676903e-02 1.804743e-02 1.658149e-02 1.502365e-02 1.819723e-02 1.906961e-02 1.668013e-02 1.803602e-02 1.605530e-02 1.771624e-02 1.663092e-02 1.894530e-02 1.653438e-02 
152 1977 1.932337e-02 0 0 1.959009e-02 1.903919e-02 1.815401e-02 1.837005e-02 1.883202e-02 1.774004e-02 1.233369e-02 1.951726e-02 1.699909e-02 1.687281e-02 1.814302e-02 1.687598e-02 1.807235e-02 1.662890e-02 1.503650e-02 1.818596e-02 1.907227e-02 1.669589e-02 1.829978e-02 1.608375e-02 1.778194e-02 1.662228e-02 1.894892e-02 1.652649e-02 
153 1990 1.883748e-02 0 0 1.903582e-02 1.853775e-02 1.765725e-02 1.787092e-02 1.833761e-02 1.730829e-02 1.201261e-02 1.904783e-02 1.652546e-02 1.647562e-02 1.762664e-02 1.645430e-02 1.758134e-02 1.614079e-02 1.459632e-02 1.768163e-02 1.854191e-02 1.624903e-02 1.791422e-02 1.572943e-02 1.731014e-02 1.617695e-02 1.839602e-02 1.608957e-02 
154 2003 1.844762e-02 0 0 1.865888e-02 1.811193e-02 1.722046e-02 1.747119e-02 1.790888e-02 1.700412e-02 1.177686e-02 1.863444e-02 1.615837e-02 1.616419e-02 1.720934e-02 1.612932e-02 1.716718e-02 1.584666e-02 1.427545e-02 1.736550e-02 1.813402e-02 1.588976e-02 1.754000e-02 1.534929e-02 1.691037e-02 1.587160e-02 1.794284e-02 1.569587e-02 
