%  columns="iteration, evaluation, fitness, void, void, xrecentbest" (startseed=208333, 2020/03/26 11:12:11.34)
1 14 -2.560369666741704941e+08 0 0 6.325610e-01 -2.683628e-01 7.111072e-02 3.771883e-01 6.667328e-01 5.994229e-01 3.978512e-01 8.953112e-01 4.463186e-01 1.220369e+00 4.546995e-01 -5.206211e-01 6.479522e-01 1.661771e+00 7.013652e-01 5.549401e-01 2.985789e-01 3.215825e-01 6.200261e-02 1.278084e+00 5.452254e-01 5.118490e-01 5.869908e-01 6.779300e-01 
2 27 -9.612891796259753704e+08 0 0 7.010320e-01 4.766699e-02 -3.645694e-02 1.962275e-01 9.952527e-01 1.056332e+00 2.295334e-01 1.041061e+00 1.013855e+00 1.068505e+00 5.597559e-01 -4.757729e-02 8.646998e-01 1.394055e+00 6.999649e-01 9.423313e-01 7.011550e-01 2.474511e-01 8.378316e-01 4.451320e-01 9.577073e-01 7.487685e-01 5.764726e-01 6.100975e-01 
3 40 -1.997006957539700270e+08 0 0 1.272725e+00 3.036052e-01 6.761690e-01 7.203289e-01 9.031226e-01 1.779166e+00 -4.384688e-03 1.054078e+00 1.062189e+00 5.833177e-01 4.444896e-01 -4.975268e-01 7.980239e-01 1.289021e+00 8.557587e-01 9.688801e-01 4.158423e-01 3.986594e-01 1.152399e-01 6.257152e-01 3.958263e-01 7.815435e-01 8.395871e-01 4.989020e-01 
4 53 -2.568415584820784926e+08 0 0 9.024385e-01 2.458419e-01 8.602478e-01 4.093683e-01 1.352001e+00 5.336920e-01 4.628182e-01 7.204911e-01 7.932310e-01 9.155252e-01 1.053360e+00 -2.235774e-01 8.631168e-01 1.055151e+00 6.662731e-01 8.381361e-01 5.022159e-01 2.995581e-01 1.027258e+00 5.596009e-01 6.355457e-01 6.582099e-01 8.854729e-01 5.944456e-01 
5 66 -7.141342843538852930e+08 0 0 9.892840e-01 2.006055e-02 3.322348e-01 5.971451e-01 1.063148e+00 9.734480e-01 3.581967e-01 1.480424e+00 6.905672e-01 7.616431e-01 9.242712e-01 -2.064927e-01 6.586055e-01 1.026274e+00 4.434483e-01 7.367034e-01 4.565854e-01 1.929169e-01 9.315685e-01 4.428723e-01 2.776583e-01 1.081091e+00 4.512604e-01 3.625824e-01 
6 79 -1.168097791459407091e+09 0 0 8.019344e-01 1.101491e-01 5.474835e-01 5.753806e-01 1.118484e+00 1.216755e+00 2.642661e-01 1.330935e+00 7.903310e-01 1.795060e-01 5.166229e-01 2.251852e-01 7.764709e-01 1.210380e+00 5.210173e-01 4.626130e-01 2.787390e-01 3.479207e-01 1.066264e+00 4.736498e-01 2.947610e-01 8.677217e-01 6.309090e-01 6.068262e-01 
7 92 -2.569076353950817585e+08 0 0 4.153011e-01 2.213437e-01 5.820588e-01 5.129830e-01 1.151500e+00 1.212385e+00 3.188651e-01 1.110564e+00 8.223754e-01 6.202523e-01 9.435094e-01 1.469658e-01 1.326124e-01 1.260366e+00 8.479651e-01 7.541582e-01 7.568142e-01 3.648245e-01 7.916629e-01 7.981838e-01 4.415146e-01 3.990711e-01 5.415348e-01 3.344123e-01 
8 105 -1.841551172544453144e+09 0 0 8.968259e-01 3.607831e-01 5.890632e-01 6.967101e-01 6.750337e-01 7.795305e-01 3.377552e-01 1.026451e+00 6.175473e-01 7.433816e-01 1.207431e+00 -1.678692e-01 7.661887e-01 1.245578e+00 5.722779e-01 8.912209e-01 2.828212e-01 9.624574e-02 9.184861e-01 4.290657e-01 2.873037e-01 6.381725e-01 5.105276e-01 3.258746e-01 
9 118 -5.679623065896091461e+08 0 0 4.387568e-01 8.978677e-01 3.560703e-01 1.044738e+00 5.416427e-01 6.873573e-01 1.266308e-01 1.092788e+00 9.504023e-01 6.006363e-01 1.164218e+00 1.355111e-01 3.140719e-01 1.013855e+00 4.767871e-01 6.575954e-01 3.152652e-01 -8.321098e-02 1.158537e+00 6.368905e-01 2.624376e-01 6.380075e-01 7.326585e-01 4.975238e-01 
10 131 -2.640352341655860424e+09 0 0 8.264936e-01 4.767808e-01 3.169464e-01 7.958917e-01 3.596274e-01 9.598010e-01 -2.139407e-01 1.287332e+00 6.656994e-01 6.204542e-01 1.295894e+00 -1.421369e-01 7.142059e-01 1.087941e+00 7.971196e-01 6.858549e-01 5.159796e-01 -2.610443e-01 8.714465e-01 4.905823e-01 3.192754e-01 7.809052e-01 3.182990e-01 4.471011e-01 
11 144 -8.738841170776346207e+09 0 0 7.595530e-01 8.682369e-01 4.415693e-01 7.884777e-01 8.099976e-01 8.723592e-01 1.697758e-01 1.528330e+00 1.044851e+00 3.168868e-01 1.060041e+00 1.036452e-01 4.851716e-01 1.133759e+00 6.170180e-01 6.708902e-01 1.675398e-01 6.272164e-02 8.895181e-01 4.071109e-01 1.060747e-02 7.877879e-01 1.524339e-01 3.847260e-01 
12 157 -4.804253954414427757e+09 0 0 8.558070e-01 7.213366e-01 4.873068e-01 6.828157e-01 4.800637e-01 8.859577e-01 3.062195e-01 1.023398e+00 8.457429e-01 5.423576e-01 1.227810e+00 2.724967e-01 5.232297e-01 7.661890e-01 4.364159e-01 9.748370e-01 6.464212e-03 -1.076177e-01 6.104803e-01 5.383478e-01 -7.760706e-02 1.015383e+00 7.631881e-02 6.351065e-01 
13 170 -1.348520619443720436e+10 0 0 8.950644e-01 1.006446e+00 1.006168e-01 8.546537e-01 1.388590e-01 1.512513e+00 3.478733e-01 1.152218e+00 8.334828e-01 6.217423e-01 1.463177e+00 2.222698e-01 5.213341e-01 1.068870e+00 3.115231e-01 4.964754e-01 -3.123751e-02 -4.097385e-01 7.110816e-01 4.388305e-01 -1.593120e-02 6.066525e-01 8.253652e-02 4.776553e-01 
14 183 -2.931605919409962654e+09 0 0 8.962774e-01 6.829694e-01 4.302496e-01 5.368817e-01 3.700147e-02 1.495759e+00 2.064767e-01 1.031456e+00 1.045763e+00 5.970942e-01 1.203866e+00 2.894693e-01 4.740263e-01 1.126465e+00 1.432906e-01 5.208451e-01 -1.582115e-01 -2.567699e-02 8.836914e-01 5.315742e-01 2.244329e-01 7.134337e-01 1.897471e-01 4.614728e-01 
15 196 -4.617572603765368462e+09 0 0 1.028230e+00 8.472869e-01 -2.900678e-02 4.473885e-01 7.267363e-02 1.634961e+00 4.012323e-01 8.015451e-01 1.018815e+00 4.507609e-01 1.344767e+00 1.368943e-01 8.736268e-01 1.238959e+00 4.137073e-01 4.632318e-01 1.778317e-02 1.725348e-02 5.670547e-01 4.080666e-01 3.024249e-01 7.163792e-01 3.384537e-02 3.522230e-01 
16 209 -3.591041418101215839e+09 0 0 6.595707e-01 9.893790e-01 -4.001559e-02 7.438098e-01 1.426176e-01 1.237081e+00 3.563745e-01 1.513257e+00 8.617270e-01 6.715945e-01 1.246998e+00 4.036012e-01 6.584562e-01 1.072034e+00 2.086261e-01 2.738138e-01 2.760950e-01 -3.562768e-01 8.082566e-01 5.987924e-01 2.235844e-02 6.734002e-01 3.755045e-02 4.797123e-01 
17 222 -1.057532429403821564e+10 0 0 8.451629e-01 8.815683e-01 1.629679e-02 5.636171e-01 3.298599e-01 1.249536e+00 3.452888e-01 1.049870e+00 1.148950e+00 5.514673e-01 1.216727e+00 4.327280e-01 5.429372e-01 9.474780e-01 3.618312e-01 7.641091e-01 -4.979659e-03 -1.166783e-01 9.412684e-01 3.954476e-01 6.953236e-02 8.795918e-01 -1.135524e-01 7.459171e-01 
18 235 -5.876362586101743698e+09 0 0 8.243225e-01 1.093665e+00 1.418109e-01 7.091638e-01 3.440981e-01 1.218683e+00 4.594382e-01 9.881830e-01 1.347494e+00 4.401658e-01 1.012889e+00 2.762185e-01 4.162513e-01 1.224141e+00 3.400116e-01 6.504585e-01 3.474049e-01 -2.957939e-01 9.735711e-01 5.518471e-01 1.783670e-01 1.357967e+00 -2.957757e-01 6.215755e-01 
19 248 -8.980963268827816010e+09 0 0 7.114925e-01 7.797515e-01 2.320912e-01 5.395522e-01 5.488163e-01 1.207784e+00 4.961597e-01 6.869158e-01 1.042067e+00 7.167554e-01 1.194081e+00 3.498768e-01 6.030014e-01 1.125889e+00 3.963208e-01 5.306912e-01 3.783181e-01 4.738161e-02 7.992557e-01 6.291012e-01 1.857473e-01 1.172775e+00 7.129353e-03 5.341423e-01 
20 261 -1.132903954697659302e+10 0 0 9.544886e-01 1.281942e+00 1.085446e-01 5.360410e-01 4.746107e-01 1.335451e+00 3.253557e-01 6.727896e-01 1.047006e+00 5.765292e-01 9.824233e-01 4.899194e-01 8.215397e-01 1.347447e+00 2.768106e-01 4.571763e-01 1.475245e-01 7.759767e-02 6.420105e-01 5.306233e-01 9.998324e-02 1.017100e+00 -2.831475e-02 4.909403e-01 
21 274 -9.906823114780982971e+09 0 0 4.309504e-01 1.428539e+00 -1.597194e-01 3.434081e-01 4.143337e-01 1.086170e+00 3.698446e-01 3.291302e-01 8.939191e-01 5.590195e-01 9.548910e-01 3.370996e-01 9.242279e-01 8.712859e-01 2.847673e-01 7.576275e-01 3.711378e-01 -3.502551e-01 7.214015e-01 5.395105e-01 3.496770e-01 9.389834e-01 -4.627944e-01 6.240736e-01 
22 287 -8.954950564432359695e+09 0 0 9.242419e-01 1.040158e+00 1.028790e-01 4.972865e-01 6.296885e-01 9.682699e-01 3.355850e-01 1.999680e-01 8.155635e-01 7.961154e-01 7.272911e-01 -3.697484e-03 9.120069e-01 6.347673e-01 1.395567e-01 7.683075e-01 1.729179e-01 -2.818842e-01 8.487456e-01 6.262816e-01 -9.228937e-03 1.273667e+00 -4.410650e-01 2.361181e-01 
23 300 -3.305529771916526318e+09 0 0 1.162807e+00 1.192153e+00 -5.081609e-03 8.574016e-01 6.956544e-01 1.175681e+00 3.839233e-01 2.814782e-01 8.044812e-01 6.016887e-01 9.471893e-01 1.363407e-01 1.010066e+00 8.143739e-01 2.708425e-01 6.967722e-01 1.086459e-01 -3.009648e-01 9.568091e-01 5.244697e-01 1.223032e-01 1.010825e+00 -2.157970e-01 5.115849e-01 
24 313 -2.133931056424914169e+10 0 0 1.023547e+00 1.306300e+00 3.561465e-01 5.240071e-01 8.323379e-01 9.647363e-01 3.561425e-01 2.341376e-01 5.442460e-01 8.727462e-01 5.882633e-01 6.267173e-01 7.996233e-01 7.004993e-01 5.168075e-02 6.451264e-01 1.013749e-01 4.378441e-02 2.192445e-01 3.963325e-01 2.335052e-01 1.214227e+00 -1.196714e-01 6.040100e-01 
25 326 -8.794496202854654312e+09 0 0 1.000844e+00 1.422185e+00 2.438566e-01 2.916874e-01 9.943780e-01 1.124512e+00 4.110963e-01 4.258766e-01 5.569013e-01 8.911914e-01 1.030406e+00 4.473257e-01 1.004706e+00 7.337581e-01 3.075357e-01 3.553223e-01 -1.468015e-02 1.727310e-01 3.018413e-01 5.248329e-01 2.774118e-01 1.502184e+00 -2.334711e-01 4.608610e-01 
26 339 -4.809333179910647392e+09 0 0 1.002645e+00 1.289139e+00 3.974345e-03 3.323488e-01 6.853088e-01 1.125491e+00 2.757064e-01 1.950029e-01 9.133399e-01 9.062783e-01 1.381068e+00 3.529781e-01 8.830715e-01 8.218900e-01 4.205342e-01 2.796204e-01 1.900611e-01 1.001908e-01 6.915230e-01 6.528684e-01 -8.058062e-02 1.392287e+00 -3.332277e-01 6.902911e-01 
27 352 -1.019634924437891388e+10 0 0 1.168853e+00 1.118206e+00 3.757991e-01 -1.104170e-01 7.664681e-01 1.012977e+00 3.297581e-01 5.400868e-01 4.887985e-01 6.942251e-01 8.069173e-01 5.162882e-01 1.060550e+00 6.557155e-01 5.618044e-01 7.766729e-01 -3.251053e-03 -3.021030e-01 2.155913e-01 4.316089e-01 3.399890e-01 1.150171e+00 -1.770830e-01 5.039002e-01 
28 365 -7.680344933503617287e+09 0 0 1.370241e+00 1.332690e+00 4.226719e-01 1.798359e-01 5.278624e-01 1.285103e+00 4.237160e-01 1.021746e-01 8.606515e-01 1.060774e+00 8.976009e-01 1.808103e-01 7.795884e-01 6.679541e-01 7.701373e-01 6.267318e-01 -1.480565e-02 -1.894647e-01 3.757118e-01 6.881914e-01 4.384612e-01 1.090723e+00 -7.540500e-02 5.971790e-01 
29 378 -8.841512920370635986e+09 0 0 1.028170e+00 1.468915e+00 3.086107e-01 1.989396e-01 4.404140e-01 1.333414e+00 4.575351e-01 5.296296e-02 8.848616e-01 1.392353e+00 9.366327e-01 -3.911229e-02 7.879984e-01 4.694441e-01 8.057157e-01 8.335107e-01 3.491604e-02 -4.199159e-04 2.316387e-01 6.949849e-01 7.103545e-01 9.172355e-01 1.140719e-01 5.965722e-01 
30 391 -5.465552309831155777e+09 0 0 1.031640e+00 1.480297e+00 5.026575e-01 5.240285e-02 6.890895e-01 1.398090e+00 3.870307e-01 -7.269308e-02 7.989167e-01 1.306078e+00 6.284184e-01 2.791319e-01 1.092306e+00 4.931381e-01 9.191444e-01 1.007515e+00 -8.696236e-02 1.873306e-01 4.961411e-01 1.035436e+00 6.305633e-01 1.405740e+00 -4.996828e-02 5.731980e-01 
31 404 -2.518884949944102764e+09 0 0 1.036451e+00 8.776442e-01 2.881949e-01 1.374900e-01 8.977633e-01 1.544342e+00 3.932719e-01 -1.521943e-02 1.272038e+00 8.871074e-01 4.784698e-01 -3.495625e-01 9.297906e-01 4.948587e-01 1.009107e+00 9.357027e-01 -9.868948e-02 -1.397446e-01 -1.571261e-01 5.987313e-01 8.636471e-01 6.475794e-01 1.920093e-01 4.372691e-01 
32 417 -3.860054810618638039e+09 0 0 6.933260e-01 1.240738e+00 5.279064e-01 1.224453e-01 8.849230e-01 1.606191e+00 6.288420e-01 2.377486e-01 1.176748e+00 5.866893e-01 2.321260e-01 1.070123e-03 7.635073e-01 5.489348e-01 9.493303e-01 1.259712e+00 -3.865080e-02 -2.730111e-02 4.589318e-02 5.118241e-01 7.913338e-01 6.707831e-01 -1.963486e-01 5.817085e-01 
33 430 -4.598935141390461922e+09 0 0 8.948983e-01 1.464469e+00 2.760736e-01 3.677668e-01 1.367358e+00 1.151019e+00 6.309798e-01 -2.135561e-01 1.046265e+00 8.282993e-01 2.241181e-01 9.064447e-02 7.039372e-01 4.048553e-01 7.602954e-01 1.548917e+00 5.076112e-02 -5.323796e-02 3.692323e-01 5.926042e-01 8.517280e-01 5.908205e-01 8.845288e-02 5.477357e-01 
34 443 -9.921345249882328033e+09 0 0 6.935277e-01 9.220578e-01 5.480497e-02 5.539622e-01 1.095783e+00 1.387970e+00 2.799552e-01 4.214818e-01 7.028707e-01 1.358838e+00 5.437449e-01 1.516797e-01 7.432127e-01 5.723114e-01 7.844047e-01 1.092764e+00 3.117027e-01 9.577599e-03 -3.239765e-01 6.566671e-01 6.955901e-01 6.299242e-01 -1.725447e-02 8.022041e-01 
35 456 -1.023057994459051323e+10 0 0 7.499195e-01 8.941345e-01 4.063823e-01 4.337819e-01 1.080889e+00 1.532574e+00 3.448363e-01 5.330420e-01 9.875409e-01 1.029535e+00 6.430217e-01 -8.296641e-02 8.215225e-01 7.792721e-01 1.055320e+00 9.575654e-01 2.625696e-01 1.324142e-01 2.440295e-01 4.885971e-01 4.681566e-01 1.013802e+00 -1.312615e-01 7.211193e-01 
36 469 -1.453028764717763329e+10 0 0 5.795460e-01 5.133944e-01 8.832942e-02 3.534585e-01 1.238566e+00 1.359607e+00 4.577869e-01 3.202155e-01 8.984046e-01 1.277013e+00 5.393831e-01 1.111890e-01 7.974081e-01 7.941944e-01 1.034413e+00 1.330294e+00 3.097378e-01 -1.583111e-01 -4.570740e-01 4.348184e-01 8.624565e-01 8.582311e-01 1.306991e-02 5.348556e-01 
37 482 -9.218025058839590073e+09 0 0 7.653173e-01 1.184877e+00 2.659103e-01 2.028965e-01 1.215110e+00 1.380877e+00 3.632960e-01 4.002291e-01 6.371239e-01 1.011832e+00 8.403174e-01 3.751088e-01 3.807337e-01 1.262349e+00 7.945827e-01 9.469674e-01 4.016633e-02 -9.499600e-02 -6.261537e-02 4.311107e-01 6.215897e-01 9.793210e-01 -9.643339e-02 9.103544e-01 
38 495 -9.880778729489238739e+09 0 0 6.744349e-01 8.606483e-01 1.035246e-01 2.196759e-01 1.293077e+00 1.362089e+00 3.259663e-01 3.813319e-01 7.253998e-01 1.378266e+00 8.876891e-01 3.311473e-01 5.571614e-01 1.126586e+00 6.901375e-01 9.019698e-01 3.616464e-01 -2.409027e-01 -3.720357e-03 4.196767e-01 4.757202e-01 9.095578e-01 -1.189976e-01 9.952170e-01 
39 508 -7.470500826865527153e+09 0 0 3.184540e-01 1.111584e+00 5.036883e-01 2.331479e-01 1.369051e+00 1.494083e+00 3.392153e-01 6.990901e-02 3.588577e-01 1.175083e+00 8.203885e-01 3.496275e-01 9.504665e-01 6.070881e-01 6.692801e-01 9.999525e-01 6.274870e-01 -2.117812e-02 -7.344961e-02 6.190542e-01 9.224553e-01 1.019921e+00 -4.834250e-01 9.828261e-01 
40 521 -1.568203469675743866e+10 0 0 3.205585e-01 6.479780e-01 2.408479e-01 8.474756e-02 1.158621e+00 1.287774e+00 3.549465e-01 5.582909e-02 5.979907e-01 1.319108e+00 7.661530e-01 4.711843e-01 3.162507e-01 1.060328e+00 7.233323e-01 1.352884e+00 5.562937e-01 -1.736449e-01 -3.172373e-01 5.537639e-01 8.069828e-01 1.068878e+00 -3.051494e-02 9.481033e-01 
41 534 -1.978276973644492340e+10 0 0 1.860704e-01 1.084926e+00 2.462557e-01 2.620640e-01 8.933451e-01 1.282122e+00 3.630160e-01 2.249314e-01 8.560374e-01 1.231628e+00 6.944670e-01 3.471213e-01 4.849991e-01 8.854585e-01 7.778656e-01 7.652035e-01 3.534998e-01 -1.592214e-01 -1.791405e-01 6.976298e-01 6.191370e-01 7.491987e-01 -2.465016e-01 9.599162e-01 
42 547 -1.068131024799665260e+10 0 0 3.031722e-01 8.387645e-01 3.439734e-01 2.178113e-01 1.039031e+00 1.168817e+00 3.238549e-01 3.574255e-01 8.490217e-01 1.198002e+00 9.843636e-01 3.205337e-01 1.720962e-01 1.064282e+00 7.857928e-01 8.278210e-01 5.324313e-01 -5.672896e-02 -1.447120e-01 6.664630e-01 8.686339e-01 6.232979e-01 -1.364221e-01 7.282840e-01 
43 560 -1.139270512441923523e+10 0 0 1.723599e-01 7.484167e-01 2.463101e-01 2.959704e-01 1.228938e+00 9.439757e-01 3.242241e-01 3.583838e-01 5.548390e-01 1.235128e+00 9.132954e-01 4.116665e-01 2.342396e-01 9.961478e-01 8.468723e-01 8.474449e-01 5.273390e-01 -6.727803e-02 -3.551732e-01 8.194894e-01 9.659179e-01 7.898286e-01 -9.360580e-02 8.730869e-01 
44 573 -1.032881238835533142e+10 0 0 1.820641e-01 7.639958e-01 3.716983e-01 5.560516e-01 1.190152e+00 6.265997e-01 3.988229e-01 2.753821e-02 6.839904e-01 1.234108e+00 8.146024e-01 4.141071e-01 1.845168e-01 4.494164e-01 5.596718e-01 7.854257e-01 7.343900e-01 -6.811898e-02 -2.263712e-01 9.285559e-01 9.145707e-01 8.498367e-01 -3.680650e-02 8.824289e-01 
45 586 -2.039293462627735138e+10 0 0 1.655802e-01 8.542571e-01 -1.049460e-02 3.460777e-01 1.063117e+00 9.658630e-01 1.593453e-01 -1.666063e-02 5.530540e-01 7.833455e-01 1.032084e+00 5.504077e-01 3.957524e-01 5.745344e-01 5.975840e-01 1.179515e+00 4.453697e-01 -8.697000e-02 -5.160209e-01 4.386411e-01 8.523325e-01 7.488938e-01 -1.152823e-02 1.066276e+00 
46 599 -1.253090232368031693e+10 0 0 2.427223e-01 6.914838e-01 2.454114e-02 2.944558e-01 1.163695e+00 7.914642e-01 3.575494e-01 7.989292e-02 6.385716e-01 1.163625e+00 7.591208e-01 1.602710e-01 4.625798e-01 5.037389e-01 7.726416e-01 1.006852e+00 6.716701e-01 -2.114185e-02 1.666739e-02 4.897300e-01 1.062889e+00 9.693039e-01 -8.907029e-02 1.018082e+00 
47 612 -1.304774124233789635e+10 0 0 8.193720e-02 8.203533e-01 2.760755e-01 1.606831e-01 8.638677e-01 7.175561e-01 2.786792e-01 9.196521e-02 9.782693e-01 1.091095e+00 8.101768e-01 3.587697e-01 4.310771e-01 4.630709e-01 8.227684e-01 1.119908e+00 8.925734e-01 -1.664229e-03 -2.549379e-01 6.558521e-01 1.322943e+00 8.252015e-01 8.144081e-02 9.281415e-01 
48 625 -1.340028259390435791e+10 0 0 2.344364e-01 4.984239e-01 2.885220e-01 3.987275e-01 1.092888e+00 6.010541e-01 3.945252e-01 -1.634273e-03 6.622180e-01 8.915333e-01 5.971115e-01 2.909111e-01 3.647711e-01 6.511542e-01 6.909887e-01 1.095929e+00 1.237812e+00 -1.909666e-02 -1.701597e-01 4.224860e-01 1.003751e+00 8.948106e-01 8.943783e-02 1.127657e+00 
49 638 -1.782354476349664307e+10 0 0 -3.168124e-02 6.196692e-01 4.116231e-01 1.582554e-01 1.157207e+00 1.050016e+00 3.529859e-01 -1.406024e-01 7.179864e-01 1.151582e+00 9.168454e-01 3.076498e-01 1.740200e-01 1.033908e+00 8.562281e-01 1.125222e+00 1.129818e+00 -1.386565e-01 -3.364721e-01 3.950199e-01 1.156882e+00 6.008105e-01 -3.265232e-03 8.968103e-01 
50 651 -2.046425454762216187e+10 0 0 -2.914538e-03 4.957267e-01 9.906599e-02 1.273282e-01 1.318072e+00 8.650585e-01 3.543163e-01 -2.069199e-01 6.630188e-01 1.009313e+00 8.573859e-01 3.824227e-01 3.758717e-01 6.727873e-01 9.379674e-01 1.174858e+00 8.158519e-01 -3.287309e-01 -2.059952e-01 6.364851e-01 1.020735e+00 1.011213e+00 -1.621129e-02 9.585869e-01 
51 664 -1.698111761518933678e+10 0 0 -2.579061e-01 7.979831e-01 2.863872e-01 2.599054e-01 1.119982e+00 7.652333e-01 3.240126e-01 4.732772e-02 8.899344e-01 9.190170e-01 7.317344e-01 4.120054e-01 2.651899e-01 7.705988e-01 8.384331e-01 8.935974e-01 8.963720e-01 -3.142935e-01 -1.847570e-01 6.451903e-01 8.737142e-01 1.415083e+00 -2.543184e-01 8.661866e-01 
52 677 -1.338592803809273720e+10 0 0 4.596073e-02 4.042655e-01 9.262232e-02 -1.049219e-01 1.035284e+00 9.264648e-01 1.146864e-01 -2.001304e-01 7.041421e-01 1.131604e+00 7.650439e-01 3.799494e-01 3.248172e-01 5.631321e-01 6.911810e-01 1.097231e+00 8.514276e-01 -3.387824e-01 -3.343588e-01 7.927830e-01 1.093469e+00 1.121585e+00 -6.250258e-02 9.241738e-01 
53 690 -1.865606931284451294e+10 0 0 -2.576375e-01 7.503642e-01 2.906044e-01 1.427290e-01 9.940232e-01 9.350195e-01 3.422420e-01 -2.251873e-02 8.456481e-01 7.026407e-01 8.417417e-01 6.822106e-01 1.421068e-01 5.624370e-01 7.614769e-01 1.136010e+00 7.118825e-01 -3.688428e-01 -2.553615e-01 5.035750e-01 9.569726e-01 1.085964e+00 2.711686e-02 8.347675e-01 
54 703 -1.767121738440015411e+10 0 0 -2.272473e-01 3.583954e-01 5.865077e-01 1.574660e-01 9.971018e-01 9.333702e-01 2.352466e-01 2.116398e-01 9.391580e-01 6.988636e-01 7.472577e-01 7.325068e-01 2.607846e-01 5.689444e-01 8.512672e-01 1.186296e+00 6.863855e-01 -5.302559e-01 -1.381086e-01 5.499226e-01 1.315882e+00 1.015207e+00 1.217141e-01 7.391080e-01 
55 716 -1.002277279421120453e+10 0 0 -9.630723e-02 8.439694e-01 3.642200e-01 2.592574e-01 1.228320e+00 1.080163e+00 4.594743e-01 -1.576737e-01 8.856047e-01 1.021431e+00 8.769419e-01 6.081818e-01 3.210415e-01 4.846278e-01 8.181112e-01 9.975896e-01 6.827264e-01 -1.508838e-01 -4.713255e-01 7.010724e-01 1.069844e+00 1.120437e+00 1.205336e-01 7.707613e-01 
56 729 -2.068690743359167099e+10 0 0 -8.329008e-02 6.350183e-01 4.889295e-01 2.689498e-01 1.187743e+00 8.954216e-01 3.560295e-01 -3.875213e-02 5.959621e-01 8.712173e-01 8.253412e-01 6.761735e-01 3.289755e-01 6.389863e-01 8.115738e-01 1.213661e+00 6.541000e-01 -3.004481e-01 -4.100991e-01 5.498102e-01 9.576431e-01 1.142794e+00 -1.484328e-01 7.495056e-01 
57 742 -1.734352580212945175e+10 0 0 -3.305724e-01 2.357508e-01 6.672714e-01 2.356801e-01 1.084159e+00 1.095094e+00 3.007510e-01 1.693738e-01 5.846642e-01 1.000466e+00 8.149981e-01 6.974440e-01 1.844255e-01 6.121125e-01 8.334129e-01 1.066191e+00 7.241520e-01 -2.881856e-01 -2.766969e-01 7.948922e-01 1.030308e+00 1.071107e+00 5.304905e-02 8.610337e-01 
58 755 -2.173091552628834534e+10 0 0 6.539460e-02 3.009668e-01 4.840135e-01 2.958474e-01 7.564610e-01 8.162567e-01 3.274001e-01 1.036127e-01 5.524321e-01 7.825866e-01 7.904084e-01 5.749233e-01 7.403733e-02 6.148701e-01 7.464871e-01 1.102506e+00 4.594636e-01 -3.464581e-01 -3.916142e-01 6.558649e-01 7.483609e-01 1.101998e+00 -5.310077e-02 7.064012e-01 
59 768 -2.050017821834821701e+10 0 0 -4.317989e-02 1.562531e-01 2.014353e-01 2.568695e-01 1.193173e+00 9.857151e-01 3.600933e-01 3.073063e-02 4.582202e-01 8.606023e-01 9.537646e-01 7.020553e-01 9.461428e-02 6.844262e-01 7.732337e-01 1.199543e+00 5.189825e-01 -5.988359e-02 -4.475866e-01 8.939617e-01 8.634865e-01 1.077219e+00 -2.040450e-01 8.523963e-01 
60 781 -2.071879926791284943e+10 0 0 -6.246439e-02 3.441285e-01 4.670483e-01 9.899163e-02 9.959812e-01 1.219538e+00 3.686286e-01 7.281651e-02 3.869312e-01 7.361646e-01 1.187058e+00 7.823866e-01 1.428282e-01 5.704846e-01 6.525063e-01 1.281939e+00 3.783822e-01 -7.598047e-02 -3.853096e-01 6.671246e-01 6.176857e-01 1.083845e+00 -8.529300e-02 8.358950e-01 
61 794 -1.977966792157885742e+10 0 0 -2.155817e-02 4.481966e-01 2.320781e-01 2.500142e-01 1.038748e+00 1.072889e+00 3.569417e-01 -1.209926e-01 4.868165e-01 7.840882e-01 9.102330e-01 4.564478e-01 2.804123e-01 6.132195e-01 8.039084e-01 1.189200e+00 5.741558e-01 -2.356989e-01 -5.522554e-01 5.756486e-01 8.038903e-01 1.077286e+00 -2.486349e-01 7.379499e-01 
62 807 -1.748018349303106689e+10 0 0 -4.279818e-03 6.242407e-01 3.459498e-01 8.039382e-02 1.026797e+00 1.080613e+00 2.956984e-01 -7.421412e-02 7.602357e-01 8.285901e-01 1.053423e+00 5.464450e-01 1.664448e-01 5.866460e-01 8.048666e-01 9.703464e-01 4.660234e-01 -1.426443e-01 -4.089470e-01 4.388571e-01 9.706601e-01 1.113232e+00 -1.753664e-01 7.799706e-01 
63 820 -1.830878861681687546e+10 0 0 6.895226e-03 4.651219e-01 3.204412e-01 1.129199e-01 8.932180e-01 1.064064e+00 4.321981e-01 1.068646e-01 4.515883e-01 7.116960e-01 1.217191e+00 5.617699e-01 3.156418e-01 6.192392e-01 9.446390e-01 1.214566e+00 3.674736e-01 -1.644220e-01 -3.762487e-01 5.113509e-01 8.932266e-01 7.896645e-01 -2.780222e-01 8.585995e-01 
64 833 -1.721138163125630188e+10 0 0 7.719724e-03 3.634395e-01 4.791482e-01 1.775499e-01 9.005184e-01 1.008702e+00 3.686081e-01 -1.727961e-02 7.890545e-01 9.634162e-01 1.114410e+00 6.383220e-01 2.007264e-01 7.755023e-01 9.151893e-01 1.042372e+00 6.187191e-01 -4.039867e-02 -4.792358e-01 6.074798e-01 7.265491e-01 1.159805e+00 -9.579385e-02 9.526186e-01 
65 846 -1.994296641136915207e+10 0 0 -9.354414e-02 4.968968e-01 3.781787e-01 3.054738e-01 9.577100e-01 9.061261e-01 3.870718e-01 -2.519984e-02 6.444414e-01 7.739920e-01 9.393761e-01 6.778588e-01 1.900784e-01 6.384701e-01 8.728761e-01 1.186220e+00 5.319435e-01 -5.929673e-02 -4.645628e-01 5.372116e-01 7.329237e-01 9.861793e-01 -2.389668e-01 7.454155e-01 
66 859 -1.837634592060481262e+10 0 0 1.954219e-01 4.898449e-01 3.866244e-01 1.594411e-01 8.962539e-01 1.012488e+00 3.990978e-01 -2.564595e-02 4.517144e-01 8.329208e-01 9.833326e-01 5.861155e-01 1.812856e-01 6.127991e-01 7.524650e-01 1.075236e+00 4.498716e-01 -1.662211e-01 -3.887972e-01 4.396606e-01 7.948081e-01 9.202755e-01 -2.354946e-01 8.873239e-01 
67 872 -1.747622854290584564e+10 0 0 5.873420e-02 4.849572e-01 2.663597e-01 3.526314e-01 1.038508e+00 9.543886e-01 2.437782e-01 1.235753e-01 6.132235e-01 7.790052e-01 9.439795e-01 6.257697e-01 1.034897e-01 4.606340e-01 7.862942e-01 9.201187e-01 5.076702e-01 -2.503090e-01 -1.748400e-01 5.359579e-01 9.327882e-01 9.470467e-01 -1.025397e-01 9.126243e-01 
68 885 -2.411525719263231659e+10 0 0 -7.316622e-02 3.844389e-01 4.033448e-01 2.155524e-01 1.032982e+00 9.371570e-01 2.745822e-01 3.372275e-02 6.090561e-01 6.810951e-01 1.010809e+00 5.775241e-01 8.166235e-02 4.945584e-01 6.242957e-01 1.030931e+00 5.681631e-01 -1.029588e-01 -3.009367e-01 4.155411e-01 9.086520e-01 1.071298e+00 -4.629035e-02 6.782246e-01 
69 898 -2.630778570114501953e+10 0 0 -1.609268e-01 4.779496e-01 3.117043e-01 2.703128e-01 9.659276e-01 9.829636e-01 3.334799e-01 1.352840e-01 6.942397e-01 9.163355e-01 9.398796e-01 6.065569e-01 1.418810e-01 4.860984e-01 8.802645e-01 8.728244e-01 5.444133e-01 -1.289427e-01 -2.106055e-01 4.103498e-01 9.323043e-01 1.001559e+00 -1.883203e-01 9.110545e-01 
70 911 -1.919618731610633850e+10 0 0 -1.454011e-02 4.524867e-01 4.605769e-01 2.569162e-01 1.044656e+00 1.006931e+00 4.060276e-01 6.146335e-02 7.364787e-01 9.358225e-01 8.471459e-01 4.670782e-01 1.897218e-01 4.817696e-01 8.511984e-01 1.002922e+00 7.093907e-01 -1.064291e-01 -3.132304e-01 4.484459e-01 9.696103e-01 8.917095e-01 -1.074648e-01 8.769419e-01 
71 924 -2.412543920378098679e+10 0 0 -8.089985e-02 3.948321e-01 3.183119e-01 1.700683e-01 9.906457e-01 1.066615e+00 3.545479e-01 3.354878e-02 6.188036e-01 7.833804e-01 9.833679e-01 5.887991e-01 2.393372e-01 6.059702e-01 8.804779e-01 1.035750e+00 6.681143e-01 -9.583010e-02 -3.529614e-01 4.524956e-01 8.717054e-01 9.012868e-01 -1.327280e-01 8.125437e-01 
72 937 -2.786736260572691345e+10 0 0 1.037504e-02 4.321899e-01 2.293327e-01 2.462009e-01 9.268615e-01 9.748761e-01 3.970086e-01 9.912582e-02 6.552827e-01 8.227206e-01 1.050400e+00 3.933784e-01 7.782238e-02 4.667542e-01 8.770836e-01 9.272833e-01 5.194707e-01 -2.165875e-02 -3.166792e-01 4.176275e-01 7.984902e-01 7.933955e-01 -5.543682e-02 9.000050e-01 
73 950 -3.340410943968926239e+10 0 0 -6.845137e-02 4.744560e-01 2.590035e-01 2.938237e-01 9.533523e-01 9.133539e-01 3.740805e-01 2.744259e-01 5.371819e-01 9.074881e-01 9.695241e-01 6.858382e-01 1.712233e-02 5.026695e-01 8.533344e-01 9.069002e-01 6.624219e-01 -6.611471e-02 -1.964660e-01 4.165155e-01 8.969368e-01 8.688323e-01 -3.750435e-03 1.006297e+00 
74 963 -1.948414817193805695e+10 0 0 -7.795039e-02 5.067536e-01 4.104820e-01 3.683443e-01 9.471729e-01 9.837188e-01 4.189350e-01 3.166180e-01 4.482878e-01 1.009489e+00 9.791889e-01 3.739360e-01 8.971535e-02 6.448740e-01 9.400229e-01 9.067782e-01 6.762593e-01 -9.209035e-03 -2.513295e-01 5.956013e-01 9.435428e-01 6.708880e-01 5.952957e-02 9.184599e-01 
75 976 -2.410456959109618378e+10 0 0 -9.390199e-02 4.949764e-01 3.774575e-01 2.323207e-01 1.017937e+00 9.789222e-01 3.410074e-01 1.162320e-01 5.917369e-01 9.028509e-01 1.025292e+00 5.333714e-01 6.507763e-02 6.423884e-01 8.310408e-01 8.280335e-01 7.210137e-01 -7.144711e-02 -2.074084e-01 5.750568e-01 9.245451e-01 7.648417e-01 8.395723e-02 9.306035e-01 
76 989 -2.961571049223624420e+10 0 0 1.364532e-01 4.647504e-01 3.214220e-01 2.855419e-01 9.451294e-01 8.452318e-01 3.634636e-01 1.218404e-01 5.666583e-01 9.519686e-01 1.064667e+00 5.166622e-01 1.493596e-01 5.925154e-01 7.507725e-01 8.360609e-01 6.874343e-01 -1.135871e-02 -2.495803e-01 5.534146e-01 1.125623e+00 6.393104e-01 -7.987181e-02 9.249386e-01 
77 1002 -2.120027404409675598e+10 0 0 3.830495e-02 5.500221e-01 3.399930e-01 4.508170e-01 9.513578e-01 9.536910e-01 4.241229e-01 2.919085e-01 5.410283e-01 7.722307e-01 9.986485e-01 5.635852e-01 4.280814e-02 6.264507e-01 9.011171e-01 9.643105e-01 7.374100e-01 -1.473908e-01 -3.311682e-01 5.241079e-01 1.077693e+00 7.743505e-01 5.752383e-02 9.511158e-01 
78 1015 -2.603250053025887299e+10 0 0 1.279747e-01 5.963731e-01 2.919449e-01 4.110725e-01 8.013632e-01 1.072602e+00 3.732940e-01 3.362430e-01 5.771820e-01 9.390381e-01 9.997176e-01 5.384817e-01 1.787369e-01 6.437364e-01 8.251108e-01 8.396401e-01 5.845668e-01 -3.399620e-03 -4.118201e-01 4.850176e-01 9.979560e-01 6.311472e-01 -4.025340e-02 9.380207e-01 
79 1028 -2.524410657383601761e+10 0 0 6.423397e-02 5.104434e-01 2.674742e-01 4.881461e-01 8.236926e-01 1.083583e+00 4.068892e-01 3.606714e-01 5.768607e-01 8.876309e-01 1.030223e+00 4.314817e-01 1.176968e-01 5.279308e-01 8.657326e-01 8.103763e-01 7.656399e-01 -1.066627e-01 -4.072622e-01 5.770586e-01 1.045038e+00 6.433752e-01 -6.039948e-02 8.521896e-01 
80 1041 -2.507995820455758286e+10 0 0 1.849127e-01 6.651011e-01 2.325385e-01 3.918184e-01 7.889060e-01 1.037199e+00 4.067290e-01 3.221503e-01 5.823021e-01 8.783369e-01 9.927159e-01 4.785146e-01 9.955471e-02 5.827971e-01 7.992012e-01 7.531801e-01 6.394503e-01 -1.765777e-01 -4.350042e-01 5.765866e-01 9.336880e-01 7.827005e-01 -9.003420e-02 9.704085e-01 
81 1054 -2.887871687165871048e+10 0 0 1.812743e-01 5.377869e-01 2.927753e-01 4.805380e-01 9.765667e-01 9.776038e-01 3.438332e-01 2.417601e-01 4.115501e-01 7.952840e-01 9.342058e-01 4.641668e-01 1.120234e-01 6.295024e-01 7.612927e-01 8.810352e-01 4.950710e-01 -3.583998e-02 -3.415165e-01 5.315228e-01 9.401385e-01 6.506265e-01 -1.985505e-01 8.859558e-01 
82 1067 -2.967964716635710144e+10 0 0 1.693489e-01 5.192679e-01 1.939539e-01 5.600691e-01 8.435008e-01 1.021908e+00 3.582214e-01 3.239228e-01 5.727224e-01 8.538437e-01 1.118791e+00 5.140191e-01 6.653510e-02 6.297100e-01 8.103132e-01 7.299863e-01 4.396380e-01 -8.379297e-02 -3.667357e-01 4.485626e-01 9.938710e-01 6.200762e-01 -6.691883e-02 9.688830e-01 
83 1080 -3.646206797370697021e+10 0 0 -3.945373e-02 6.663752e-01 1.849853e-01 5.679783e-01 9.557521e-01 9.220316e-01 3.577806e-01 3.333935e-01 6.159195e-01 8.757357e-01 9.927581e-01 5.046549e-01 2.818268e-02 4.664287e-01 7.944401e-01 8.616097e-01 5.107184e-01 -1.189201e-01 -3.179028e-01 5.858656e-01 9.269997e-01 6.501882e-01 -1.202148e-01 9.206412e-01 
84 1093 -2.258764513309985733e+10 0 0 4.796153e-02 6.040318e-01 1.828628e-01 5.960853e-01 8.851246e-01 9.333326e-01 3.643879e-01 2.524261e-01 5.666311e-01 8.227609e-01 1.119476e+00 5.438441e-01 1.626291e-01 5.468602e-01 7.149618e-01 8.282476e-01 4.923158e-01 -1.670250e-01 -3.826467e-01 4.167705e-01 8.454128e-01 5.742804e-01 -2.946306e-01 1.004151e+00 
85 1106 -2.818431531597924042e+10 0 0 1.783127e-01 5.239182e-01 2.723719e-01 5.512528e-01 9.361350e-01 8.065672e-01 3.891470e-01 1.905235e-01 5.740945e-01 9.404024e-01 9.956587e-01 5.317101e-01 1.004213e-01 5.276577e-01 8.320445e-01 7.529444e-01 4.504699e-01 -1.006858e-01 -3.723527e-01 4.833790e-01 8.906415e-01 6.342210e-01 -2.408423e-01 9.433555e-01 
86 1119 -2.883427458320780182e+10 0 0 3.029299e-01 6.375716e-01 1.116997e-01 6.244550e-01 9.182919e-01 7.534235e-01 3.716533e-01 2.510097e-01 4.586199e-01 9.540082e-01 1.018919e+00 5.163362e-01 6.336743e-02 4.927031e-01 8.349995e-01 7.797632e-01 3.817022e-01 -1.827308e-01 -3.747807e-01 4.896015e-01 8.824557e-01 6.082149e-01 -2.509779e-01 9.033720e-01 
87 1132 -2.460319646982185745e+10 0 0 9.571112e-02 5.843167e-01 2.090746e-01 5.240326e-01 8.384148e-01 9.237287e-01 3.506199e-01 2.814268e-01 5.046886e-01 7.897311e-01 1.040963e+00 5.146699e-01 1.316883e-01 6.004901e-01 8.647324e-01 7.892238e-01 4.204728e-01 -1.533667e-01 -2.999511e-01 4.499197e-01 7.982492e-01 5.771714e-01 -2.322976e-01 8.445559e-01 
88 1145 -2.686240233348200989e+10 0 0 9.636415e-02 6.262061e-01 1.304874e-01 5.079371e-01 9.918513e-01 7.851967e-01 3.450663e-01 2.344782e-01 6.094213e-01 7.558680e-01 9.045925e-01 5.722851e-01 3.710035e-02 5.073509e-01 9.048521e-01 8.705771e-01 4.355370e-01 -2.050120e-01 -2.309987e-01 4.088647e-01 7.513863e-01 6.768657e-01 -3.222076e-01 8.811869e-01 
89 1158 -2.799478252320768356e+10 0 0 9.623199e-02 5.160034e-01 2.235043e-01 4.833768e-01 9.526173e-01 8.301684e-01 3.850156e-01 3.228258e-01 5.962014e-01 7.812302e-01 1.024945e+00 7.206494e-01 7.315161e-02 4.947811e-01 8.327925e-01 8.992956e-01 3.654073e-01 -2.390517e-01 -2.438451e-01 4.644316e-01 7.767239e-01 6.316278e-01 -3.013789e-01 1.026840e+00 
90 1171 -2.324069346951666260e+10 0 0 1.418619e-01 4.986278e-01 1.432637e-01 5.057301e-01 1.009130e+00 8.582828e-01 3.287580e-01 3.051428e-01 6.561029e-01 7.893344e-01 9.575095e-01 5.715891e-01 3.598905e-02 5.551097e-01 8.307078e-01 8.740310e-01 4.300367e-01 -2.188101e-01 -2.907880e-01 5.126940e-01 8.209550e-01 6.405527e-01 -2.875666e-01 9.421514e-01 
91 1184 -2.365631943510460663e+10 0 0 1.269682e-02 5.082287e-01 1.740487e-01 5.164709e-01 8.916525e-01 8.574259e-01 3.780189e-01 2.720827e-01 5.463128e-01 7.994273e-01 1.038144e+00 6.374909e-01 1.569748e-01 6.492191e-01 8.791479e-01 8.018429e-01 4.374040e-01 -2.484975e-01 -7.525376e-02 5.345033e-01 8.408613e-01 5.703447e-01 -3.910895e-01 1.051158e+00 
92 1197 -2.405306350460273743e+10 0 0 1.656534e-01 6.314029e-01 1.954943e-01 5.549462e-01 9.557098e-01 8.989408e-01 3.618712e-01 3.196485e-01 6.271738e-01 8.208567e-01 1.072732e+00 6.547965e-01 1.032006e-01 6.473011e-01 7.955024e-01 8.448544e-01 5.445079e-01 -2.109935e-01 -2.681011e-01 5.341010e-01 8.960067e-01 5.557978e-01 -2.595467e-01 1.000610e+00 
93 1210 -3.032650280468828964e+10 0 0 1.089298e-01 5.505865e-01 2.395334e-01 5.181437e-01 1.058950e+00 9.153324e-01 3.640479e-01 2.997594e-01 6.200618e-01 8.462859e-01 1.015811e+00 6.314083e-01 -3.238702e-02 5.178088e-01 8.409832e-01 9.648718e-01 5.216772e-01 -2.216305e-01 -1.879155e-01 5.542711e-01 7.824708e-01 6.137136e-01 -2.452313e-01 1.017512e+00 
94 1223 -3.028201912838716125e+10 0 0 9.468179e-02 5.771041e-01 2.673603e-01 5.010956e-01 9.150213e-01 8.766866e-01 3.584199e-01 1.918297e-01 6.312450e-01 8.851939e-01 1.035743e+00 6.950849e-01 1.733752e-01 5.467814e-01 8.309831e-01 9.537111e-01 6.157109e-01 -2.245986e-01 -1.778416e-01 5.965630e-01 7.070261e-01 6.263928e-01 -3.035523e-01 9.459951e-01 
95 1236 -3.556112074181879425e+10 0 0 1.276313e-01 5.900425e-01 1.674039e-01 4.059528e-01 9.717069e-01 8.878795e-01 3.405530e-01 2.036576e-01 6.025758e-01 8.480406e-01 9.554227e-01 6.981474e-01 7.993567e-02 5.449854e-01 8.327840e-01 1.021677e+00 5.120907e-01 -2.357586e-01 -1.895478e-01 5.573764e-01 7.691073e-01 5.504644e-01 -4.171484e-01 1.068392e+00 
96 1249 -2.816496571697978973e+10 0 0 9.690562e-02 5.701779e-01 2.460145e-01 4.355575e-01 9.798776e-01 9.426628e-01 3.919163e-01 1.492483e-01 5.755783e-01 9.619478e-01 9.595870e-01 7.045102e-01 1.467637e-01 4.407348e-01 7.777348e-01 1.004190e+00 5.115387e-01 -1.873678e-01 -2.545401e-01 5.737196e-01 8.360570e-01 6.735099e-01 -3.235030e-01 9.926834e-01 
97 1262 -3.472577580554302216e+10 0 0 6.285849e-02 5.522932e-01 2.081668e-01 5.908301e-01 9.702892e-01 8.420691e-01 3.816448e-01 2.517837e-01 4.716440e-01 8.608889e-01 9.597821e-01 7.523844e-01 7.689308e-02 4.888153e-01 8.128909e-01 9.226327e-01 4.406732e-01 -9.197131e-02 -1.501176e-01 6.143444e-01 7.166492e-01 5.804022e-01 -3.397420e-01 1.087206e+00 
98 1275 -3.683474217896279144e+10 0 0 8.757828e-02 6.707963e-01 2.273607e-01 5.263532e-01 1.076833e+00 1.019259e+00 3.530573e-01 2.111271e-01 5.111440e-01 8.553094e-01 8.891192e-01 8.113949e-01 1.639498e-01 5.233774e-01 8.046297e-01 9.691419e-01 4.308551e-01 -1.686857e-01 -1.147482e-01 5.311160e-01 7.207440e-01 5.819424e-01 -3.480870e-01 1.066872e+00 
99 1288 -3.575672521654170227e+10 0 0 5.108012e-02 5.782022e-01 2.125760e-01 5.782887e-01 9.848718e-01 8.961944e-01 3.753277e-01 2.930674e-01 5.492353e-01 9.445582e-01 9.899762e-01 7.454323e-01 1.417623e-01 5.907447e-01 7.961166e-01 1.045500e+00 3.465002e-01 -2.103903e-01 -1.964057e-01 5.527045e-01 6.676256e-01 6.269717e-01 -3.673092e-01 1.055375e+00 
100 1301 -3.533513282233593750e+10 0 0 3.043091e-02 5.437995e-01 2.889243e-01 4.586609e-01 1.081333e+00 8.905810e-01 3.711076e-01 1.235015e-01 5.286976e-01 8.946530e-01 8.389769e-01 7.546682e-01 1.483549e-01 4.450101e-01 8.537158e-01 1.056177e+00 3.675895e-01 -1.631239e-01 -1.438489e-01 5.469550e-01 7.665843e-01 6.195332e-01 -3.795294e-01 1.077541e+00 
101 1314 -4.781720734585493469e+10 0 0 6.605911e-02 5.080186e-01 2.873367e-01 5.049039e-01 1.030654e+00 8.922108e-01 3.528665e-01 1.955259e-01 5.710806e-01 8.622647e-01 9.220381e-01 6.985999e-01 1.861304e-01 4.168806e-01 7.696418e-01 1.053402e+00 4.275224e-01 -1.991838e-01 -2.028901e-01 5.864971e-01 7.212480e-01 6.389479e-01 -3.772131e-01 9.923731e-01 
102 1327 -3.152821605765307999e+10 0 0 4.682501e-02 5.707818e-01 2.651026e-01 4.897672e-01 1.066479e+00 9.346755e-01 3.580754e-01 2.574247e-01 4.626178e-01 8.439788e-01 7.513190e-01 7.426015e-01 1.267234e-01 4.425991e-01 8.153245e-01 1.075537e+00 4.368744e-01 -2.250635e-01 -1.698530e-01 5.712677e-01 7.775064e-01 5.868763e-01 -3.346496e-01 1.035755e+00 
103 1340 -3.896073283465771484e+10 0 0 2.840653e-02 5.650608e-01 2.633160e-01 4.519750e-01 1.038963e+00 9.516255e-01 3.608315e-01 2.182362e-01 4.949984e-01 9.146815e-01 9.122780e-01 6.366317e-01 1.605927e-01 5.437889e-01 8.142614e-01 1.090050e+00 3.783102e-01 -2.353285e-01 -1.275688e-01 5.239905e-01 6.478303e-01 5.838944e-01 -4.247543e-01 9.889495e-01 
104 1353 -4.895022122477720642e+10 0 0 -5.927156e-02 4.040547e-01 2.365674e-01 3.934180e-01 1.001523e+00 9.555870e-01 3.693540e-01 2.850461e-01 5.080814e-01 8.761330e-01 8.158298e-01 6.790844e-01 1.399777e-01 4.706715e-01 7.969017e-01 1.140154e+00 3.971253e-01 -1.940226e-01 -1.294391e-01 5.166974e-01 6.658866e-01 5.451875e-01 -3.738609e-01 9.919002e-01 
105 1366 -3.615643882041218567e+10 0 0 -4.894604e-02 5.187854e-01 2.265240e-01 4.501632e-01 1.077498e+00 8.514286e-01 3.358233e-01 1.882964e-01 4.476365e-01 8.718111e-01 8.961867e-01 6.724323e-01 1.365792e-01 4.688584e-01 7.864226e-01 1.108346e+00 3.825679e-01 -1.870719e-01 -1.179338e-01 4.470395e-01 7.026295e-01 5.911689e-01 -4.298588e-01 1.018549e+00 
106 1379 -3.855304925156304932e+10 0 0 -8.661852e-03 4.469312e-01 1.888460e-01 3.831451e-01 1.034707e+00 9.259917e-01 3.634528e-01 1.982151e-01 4.538860e-01 8.564282e-01 8.771153e-01 7.388184e-01 8.179599e-02 4.074367e-01 7.772930e-01 1.145897e+00 4.106484e-01 -2.086160e-01 -1.615907e-01 4.592083e-01 6.682157e-01 6.133144e-01 -3.755921e-01 1.041556e+00 
107 1392 -3.799250846175172424e+10 0 0 -8.964562e-02 4.664044e-01 1.675149e-01 3.359955e-01 9.949813e-01 8.278099e-01 3.211308e-01 1.873276e-01 5.083778e-01 8.572895e-01 7.912084e-01 6.849989e-01 6.417552e-02 4.353610e-01 7.924120e-01 1.100347e+00 3.596268e-01 -1.907564e-01 -1.419174e-01 5.241861e-01 7.366112e-01 6.420876e-01 -3.359515e-01 9.878753e-01 
108 1405 -3.224976351977886963e+10 0 0 -1.790276e-01 4.196999e-01 2.193961e-01 4.534763e-01 1.029390e+00 8.763779e-01 3.697916e-01 2.161944e-01 4.631920e-01 9.393947e-01 8.168437e-01 6.823051e-01 9.804876e-02 4.020299e-01 6.975182e-01 1.051630e+00 3.842005e-01 -2.095050e-01 -1.257157e-01 4.873738e-01 7.241118e-01 6.804953e-01 -3.353280e-01 1.027650e+00 
109 1418 -3.962159653601250458e+10 0 0 -4.647754e-02 3.460936e-01 1.924048e-01 4.204485e-01 1.110120e+00 9.190653e-01 3.542634e-01 2.299841e-01 4.706868e-01 8.658543e-01 8.058795e-01 6.308873e-01 1.107576e-01 5.099948e-01 8.209332e-01 1.157454e+00 4.170374e-01 -2.207131e-01 -1.489839e-01 5.359032e-01 7.207457e-01 6.245550e-01 -2.752897e-01 9.815580e-01 
110 1431 -4.660255551482804871e+10 0 0 -4.633180e-02 3.495170e-01 3.137604e-01 3.828557e-01 1.055565e+00 9.110948e-01 3.453576e-01 1.453162e-01 4.948302e-01 8.165035e-01 8.053964e-01 6.376765e-01 8.477344e-02 4.571846e-01 7.800861e-01 1.142995e+00 4.200836e-01 -2.871290e-01 -1.123542e-01 6.232090e-01 7.074442e-01 6.507884e-01 -3.383983e-01 9.510552e-01 
111 1444 -4.010791997746236420e+10 0 0 2.847068e-02 4.121405e-01 2.046705e-01 3.970768e-01 1.076711e+00 8.773089e-01 3.706846e-01 1.485263e-01 4.022858e-01 8.171560e-01 8.336016e-01 6.873385e-01 7.296551e-02 4.212747e-01 7.450771e-01 1.231813e+00 3.813680e-01 -2.401978e-01 -1.267655e-01 5.926387e-01 7.043215e-01 6.325772e-01 -3.744603e-01 9.121375e-01 
112 1457 -4.280779938640085602e+10 0 0 -1.848624e-02 4.063738e-01 2.599911e-01 4.257819e-01 1.026843e+00 8.580413e-01 3.700336e-01 1.951246e-01 4.460022e-01 7.066752e-01 7.906112e-01 6.778071e-01 9.202902e-02 4.435418e-01 7.892461e-01 1.152531e+00 3.726888e-01 -2.152000e-01 -1.269990e-01 5.377270e-01 7.044085e-01 6.568526e-01 -3.101402e-01 9.324425e-01 
113 1470 -3.833888129897509003e+10 0 0 -5.365413e-02 4.434089e-01 1.868202e-01 4.005708e-01 1.058383e+00 9.240057e-01 3.787758e-01 2.212276e-01 4.298110e-01 7.799125e-01 8.572980e-01 6.965918e-01 3.015394e-02 4.428216e-01 7.531882e-01 1.076519e+00 4.158549e-01 -2.735219e-01 -1.195506e-01 5.570982e-01 7.407927e-01 6.484929e-01 -3.804883e-01 9.866590e-01 
114 1483 -3.020443380029544067e+10 0 0 -6.048971e-02 4.598500e-01 2.337018e-01 4.461262e-01 1.041022e+00 9.035946e-01 3.661724e-01 1.801331e-01 4.503416e-01 7.831081e-01 8.115204e-01 7.164572e-01 -1.640768e-02 4.868360e-01 7.973995e-01 1.085704e+00 4.020969e-01 -2.745037e-01 -1.884793e-01 5.571541e-01 7.218510e-01 6.801498e-01 -3.218143e-01 1.029837e+00 
115 1496 -3.383810659229276657e+10 0 0 3.746463e-02 4.750890e-01 1.679045e-01 4.818005e-01 1.006820e+00 9.337556e-01 3.655897e-01 1.763798e-01 3.895729e-01 8.467697e-01 8.734155e-01 6.846017e-01 6.870999e-02 3.984527e-01 7.768102e-01 1.091350e+00 4.431345e-01 -3.266347e-01 -1.720236e-01 5.565086e-01 7.755224e-01 6.197930e-01 -3.637713e-01 1.028236e+00 
116 1509 -3.705139787792669678e+10 0 0 4.564656e-03 4.588581e-01 2.603601e-01 4.483044e-01 1.009341e+00 9.111539e-01 3.777922e-01 1.761302e-01 3.762595e-01 7.728416e-01 8.456795e-01 7.285470e-01 4.593077e-02 4.239985e-01 7.382209e-01 1.127943e+00 4.356648e-01 -2.516624e-01 -1.550106e-01 5.344129e-01 7.429500e-01 6.619991e-01 -3.558143e-01 9.894242e-01 
117 1522 -3.667668954077598572e+10 0 0 2.578765e-03 4.952646e-01 2.630792e-01 4.561267e-01 9.717096e-01 8.782388e-01 3.664459e-01 1.664941e-01 3.732796e-01 8.035562e-01 9.107815e-01 6.910241e-01 2.365878e-02 4.628339e-01 7.685770e-01 1.072967e+00 3.854171e-01 -2.569637e-01 -2.396197e-01 5.373740e-01 7.365244e-01 6.478108e-01 -2.711819e-01 9.969666e-01 
118 1535 -4.575811439348246765e+10 0 0 5.158404e-02 4.775827e-01 2.289275e-01 4.835683e-01 9.585156e-01 9.346843e-01 3.676735e-01 1.618668e-01 4.081845e-01 7.939679e-01 8.938831e-01 6.794058e-01 6.564300e-02 4.410697e-01 7.742625e-01 1.077907e+00 3.247223e-01 -2.830158e-01 -1.936360e-01 5.615268e-01 6.828484e-01 6.523663e-01 -3.542492e-01 9.493805e-01 
119 1548 -4.616281039425576019e+10 0 0 6.177239e-02 4.947557e-01 2.234689e-01 4.600985e-01 1.007651e+00 8.772597e-01 3.623223e-01 1.535953e-01 3.993569e-01 8.111413e-01 7.647324e-01 6.948545e-01 1.085071e-01 4.392741e-01 7.781584e-01 1.018135e+00 3.395754e-01 -2.404462e-01 -1.704154e-01 5.557135e-01 7.579927e-01 6.458571e-01 -3.834950e-01 8.876396e-01 
120 1561 -4.324074992956333160e+10 0 0 5.105220e-02 4.571310e-01 2.701939e-01 4.766333e-01 9.927628e-01 9.628019e-01 3.610988e-01 1.510432e-01 4.119598e-01 8.309849e-01 8.033230e-01 6.934589e-01 1.082276e-01 4.653317e-01 7.817050e-01 1.016038e+00 3.266796e-01 -2.517732e-01 -2.193842e-01 5.941491e-01 7.643462e-01 6.484621e-01 -3.301033e-01 9.578735e-01 
121 1574 -3.947045451089224243e+10 0 0 1.093426e-01 4.679269e-01 2.713726e-01 4.985033e-01 9.694286e-01 8.937112e-01 3.408732e-01 1.225918e-01 4.039124e-01 8.381111e-01 8.214358e-01 6.700579e-01 9.368995e-02 5.165488e-01 7.936374e-01 1.047986e+00 3.540491e-01 -2.258059e-01 -2.047065e-01 5.267899e-01 6.952466e-01 5.886447e-01 -3.412218e-01 9.507954e-01 
122 1587 -4.798529844688400269e+10 0 0 9.372667e-02 4.882359e-01 2.937279e-01 4.882879e-01 9.752675e-01 8.654861e-01 3.429493e-01 1.757462e-01 4.543874e-01 7.927365e-01 8.611813e-01 6.841023e-01 1.216359e-01 4.614720e-01 7.963310e-01 1.077059e+00 3.759159e-01 -2.410711e-01 -2.027178e-01 5.486669e-01 7.225560e-01 6.351826e-01 -2.954141e-01 9.623614e-01 
123 1600 -4.624582175122908783e+10 0 0 7.518519e-02 5.234345e-01 2.100986e-01 4.123550e-01 1.012578e+00 9.379565e-01 3.515625e-01 1.620193e-01 4.257879e-01 8.215598e-01 8.846168e-01 6.723754e-01 1.347730e-01 4.738224e-01 7.864155e-01 1.057822e+00 3.170292e-01 -2.365120e-01 -1.771070e-01 5.338496e-01 7.582897e-01 6.252597e-01 -2.556108e-01 1.040576e+00 
124 1613 -4.081869097094789124e+10 0 0 6.981952e-02 4.417965e-01 2.307524e-01 4.440010e-01 1.052027e+00 9.274298e-01 3.573864e-01 1.294486e-01 4.204503e-01 8.398622e-01 8.631597e-01 6.825886e-01 1.546471e-01 4.897739e-01 8.015675e-01 1.094666e+00 3.378566e-01 -2.311157e-01 -2.311658e-01 5.554812e-01 7.536832e-01 6.143069e-01 -2.746319e-01 9.832603e-01 
125 1626 -4.754755554799475098e+10 0 0 4.978258e-02 4.873755e-01 3.109820e-01 4.389333e-01 1.072231e+00 9.302031e-01 3.565139e-01 1.057084e-01 4.731530e-01 8.302883e-01 8.372024e-01 6.752308e-01 1.211363e-01 4.716332e-01 7.974569e-01 1.055980e+00 3.338662e-01 -2.507182e-01 -1.840440e-01 5.191397e-01 7.759072e-01 6.237982e-01 -2.616170e-01 1.002366e+00 
126 1639 -4.825178211675690460e+10 0 0 6.275833e-02 5.004531e-01 2.414973e-01 4.118181e-01 1.063968e+00 9.746284e-01 3.608119e-01 1.528330e-01 4.655646e-01 8.258790e-01 8.478397e-01 6.641313e-01 1.505835e-01 4.482944e-01 7.718827e-01 1.054116e+00 3.149403e-01 -2.047566e-01 -1.730567e-01 5.590607e-01 7.539360e-01 6.128627e-01 -2.863134e-01 1.009438e+00 
127 1652 -4.666475780416706085e+10 0 0 6.014587e-02 4.833857e-01 2.432009e-01 4.512696e-01 1.068468e+00 9.595947e-01 3.413628e-01 1.559207e-01 4.578454e-01 7.929807e-01 8.686169e-01 7.093304e-01 1.355416e-01 4.498313e-01 7.747470e-01 1.037846e+00 3.241362e-01 -2.205626e-01 -1.397782e-01 5.224113e-01 7.110756e-01 6.428153e-01 -3.181733e-01 1.001908e+00 
128 1665 -4.662448328368183899e+10 0 0 3.589215e-02 4.731110e-01 2.271864e-01 4.139083e-01 1.080914e+00 9.139342e-01 3.697323e-01 1.342657e-01 4.264997e-01 8.557677e-01 8.113130e-01 7.161338e-01 2.000582e-01 4.625833e-01 7.820808e-01 1.075555e+00 3.220787e-01 -2.326599e-01 -1.604048e-01 5.653729e-01 7.159341e-01 6.225995e-01 -3.527868e-01 1.027011e+00 
129 1678 -4.735500864964538574e+10 0 0 3.438125e-02 4.706884e-01 2.425612e-01 4.295763e-01 1.080719e+00 9.428027e-01 3.799093e-01 1.717513e-01 4.408529e-01 8.287020e-01 8.227027e-01 7.015963e-01 1.181496e-01 4.385751e-01 7.884717e-01 1.056683e+00 3.207641e-01 -2.212809e-01 -1.699200e-01 6.006984e-01 6.974943e-01 6.330126e-01 -3.323836e-01 1.009543e+00 
130 1691 -4.525811542916024017e+10 0 0 8.462310e-02 5.186160e-01 2.585496e-01 4.511350e-01 1.007301e+00 9.078443e-01 3.790666e-01 1.468061e-01 4.309151e-01 8.272609e-01 8.254341e-01 6.721425e-01 9.184953e-02 4.511353e-01 7.702616e-01 1.047259e+00 3.036958e-01 -2.178504e-01 -1.632782e-01 5.178220e-01 6.911775e-01 6.312110e-01 -3.404042e-01 1.021559e+00 
131 1704 -4.677483796487995911e+10 0 0 5.242777e-02 4.997363e-01 2.123397e-01 4.659868e-01 9.883405e-01 9.138045e-01 3.504662e-01 1.652585e-01 4.310341e-01 8.027824e-01 8.398928e-01 6.567451e-01 8.845095e-02 4.681718e-01 7.832743e-01 1.042327e+00 2.710536e-01 -1.764631e-01 -1.358948e-01 5.421091e-01 6.715247e-01 6.162111e-01 -3.770709e-01 1.024497e+00 
132 1717 -4.347585554695417786e+10 0 0 8.340327e-02 5.270219e-01 1.970884e-01 4.779040e-01 9.888128e-01 9.338877e-01 3.556448e-01 1.593161e-01 4.274297e-01 8.214932e-01 8.344548e-01 6.971080e-01 7.443999e-02 4.317233e-01 7.884720e-01 1.029654e+00 3.236862e-01 -1.796897e-01 -1.412576e-01 5.581877e-01 6.805229e-01 6.082883e-01 -3.916629e-01 1.062642e+00 
133 1730 -4.850590524856375122e+10 0 0 8.613513e-02 5.017016e-01 2.464743e-01 4.487655e-01 1.033188e+00 9.562906e-01 3.468040e-01 1.505023e-01 4.408600e-01 8.404641e-01 8.182669e-01 7.204666e-01 6.097722e-02 4.802650e-01 7.831034e-01 1.024891e+00 3.162933e-01 -1.705103e-01 -1.442580e-01 5.677484e-01 7.084689e-01 6.133339e-01 -3.147817e-01 1.046234e+00 
134 1743 -4.940278500521018219e+10 0 0 6.598153e-02 4.577897e-01 2.384397e-01 4.350348e-01 1.044589e+00 9.442949e-01 3.466869e-01 1.002234e-01 4.500058e-01 8.029372e-01 8.141102e-01 6.623354e-01 1.031589e-01 4.790432e-01 7.789890e-01 1.031461e+00 3.159346e-01 -1.766564e-01 -1.490744e-01 5.161491e-01 7.088394e-01 6.241335e-01 -3.161135e-01 1.066116e+00 
135 1756 -4.623902024829713440e+10 0 0 5.766945e-02 5.101451e-01 2.172628e-01 4.313536e-01 1.029108e+00 9.282796e-01 3.610383e-01 1.416192e-01 4.290957e-01 8.082987e-01 7.956501e-01 7.154133e-01 7.655241e-02 4.696626e-01 7.831742e-01 1.069198e+00 2.987489e-01 -1.726544e-01 -1.586877e-01 5.411041e-01 7.274814e-01 6.329611e-01 -3.388369e-01 1.035282e+00 
136 1769 -4.784880537279349518e+10 0 0 2.246830e-02 4.848313e-01 1.981552e-01 4.882341e-01 1.075034e+00 9.383162e-01 3.568199e-01 1.467299e-01 4.159197e-01 8.003327e-01 7.983822e-01 6.826162e-01 3.127301e-02 4.636498e-01 7.708078e-01 1.061349e+00 3.697093e-01 -1.819770e-01 -1.297906e-01 5.274009e-01 7.030550e-01 5.881623e-01 -2.972017e-01 1.017815e+00 
137 1782 -5.115777992734274292e+10 0 0 2.095631e-02 4.856207e-01 2.038825e-01 4.775906e-01 1.063914e+00 9.237534e-01 3.587494e-01 8.563099e-02 4.224975e-01 8.076106e-01 7.807866e-01 6.994777e-01 4.730588e-02 4.349506e-01 7.667213e-01 1.049554e+00 3.257223e-01 -1.928457e-01 -1.302732e-01 5.332447e-01 6.946993e-01 6.164290e-01 -3.286549e-01 1.032565e+00 
138 1795 -5.336260618159712219e+10 0 0 2.478047e-03 4.703236e-01 1.586615e-01 4.858075e-01 1.061600e+00 9.418515e-01 3.678011e-01 1.245243e-01 4.748094e-01 8.141173e-01 7.825350e-01 6.884331e-01 6.319413e-02 4.153526e-01 7.650583e-01 1.055488e+00 3.571422e-01 -1.624723e-01 -1.443757e-01 5.460982e-01 7.149929e-01 6.128355e-01 -2.940250e-01 1.033550e+00 
139 1808 -4.796447707920191956e+10 0 0 -4.059874e-03 4.592856e-01 2.405105e-01 4.429481e-01 1.077505e+00 9.586143e-01 3.724575e-01 6.119974e-02 4.822215e-01 8.163288e-01 7.482955e-01 6.873561e-01 7.737212e-02 4.611646e-01 7.892657e-01 1.033361e+00 3.228280e-01 -1.418918e-01 -1.057390e-01 5.309901e-01 7.513861e-01 6.351733e-01 -2.760638e-01 1.031189e+00 
140 1821 -4.309216058735340881e+10 0 0 -1.143709e-02 4.683079e-01 2.131076e-01 4.602708e-01 1.044034e+00 9.132682e-01 3.740665e-01 9.639423e-02 4.392845e-01 8.213183e-01 7.734940e-01 6.765046e-01 6.804097e-02 4.677139e-01 7.791655e-01 1.020538e+00 2.813226e-01 -1.369725e-01 -1.261283e-01 5.370952e-01 7.387503e-01 6.431333e-01 -2.881607e-01 1.019295e+00 
141 1834 -4.987422455779737854e+10 0 0 1.666413e-02 4.330103e-01 2.535960e-01 4.483929e-01 1.086592e+00 8.956784e-01 3.501381e-01 5.122100e-02 4.247629e-01 8.534441e-01 7.544677e-01 7.031626e-01 4.197734e-02 4.733789e-01 7.934842e-01 1.038130e+00 3.412666e-01 -1.456906e-01 -7.416614e-02 5.414174e-01 7.131591e-01 6.221658e-01 -3.131035e-01 1.028021e+00 
142 1847 -4.632706344835804749e+10 0 0 -6.479569e-04 4.535021e-01 2.484654e-01 4.585037e-01 1.051877e+00 9.222438e-01 3.573711e-01 9.363714e-02 4.359433e-01 8.468961e-01 7.802870e-01 6.793596e-01 4.024768e-02 4.360646e-01 7.761008e-01 1.019606e+00 3.107031e-01 -1.361560e-01 -1.131102e-01 5.293986e-01 7.300035e-01 6.424536e-01 -3.083007e-01 1.022735e+00 
143 1860 -4.697802550763755035e+10 0 0 1.508149e-02 4.817692e-01 2.434618e-01 4.346584e-01 1.104126e+00 9.172868e-01 3.689334e-01 5.830542e-02 4.371820e-01 8.490077e-01 7.691361e-01 6.964564e-01 8.221371e-02 4.353306e-01 7.754903e-01 1.021824e+00 3.726630e-01 -1.679201e-01 -1.259443e-01 5.140716e-01 7.668220e-01 6.455062e-01 -2.912723e-01 1.057926e+00 
144 1873 -5.020027308792023468e+10 0 0 2.251790e-02 4.693245e-01 2.290590e-01 4.150079e-01 1.092543e+00 9.210065e-01 3.522501e-01 8.419794e-02 4.253836e-01 8.279421e-01 8.046239e-01 7.118853e-01 7.872917e-02 4.655612e-01 7.682518e-01 1.045805e+00 3.322492e-01 -1.652587e-01 -1.353022e-01 5.298502e-01 7.335133e-01 6.342381e-01 -3.290032e-01 1.057961e+00 
145 1886 -4.642506207017960358e+10 0 0 1.121981e-02 4.363307e-01 2.361020e-01 3.936474e-01 1.092573e+00 8.956995e-01 3.535256e-01 4.896962e-02 4.281748e-01 8.523143e-01 7.833191e-01 6.978156e-01 7.596669e-02 4.555390e-01 7.907898e-01 1.025194e+00 3.311432e-01 -1.718564e-01 -1.368198e-01 5.254814e-01 7.786778e-01 6.390351e-01 -3.074179e-01 1.045978e+00 
146 1899 -4.755126428253491211e+10 0 0 2.853663e-02 4.814187e-01 3.016176e-01 4.402174e-01 1.097338e+00 8.999495e-01 3.440776e-01 4.318677e-02 4.403242e-01 8.465946e-01 7.643641e-01 6.972679e-01 1.152622e-01 4.368439e-01 7.915573e-01 9.939221e-01 3.450370e-01 -1.353659e-01 -1.190331e-01 5.232862e-01 7.693970e-01 6.307618e-01 -3.356299e-01 1.049237e+00 
147 1912 -4.799492733332283020e+10 0 0 4.360847e-02 4.502219e-01 2.745000e-01 3.916803e-01 1.104018e+00 9.117223e-01 3.513628e-01 4.290484e-02 4.412370e-01 8.104311e-01 7.757086e-01 7.129510e-01 6.119039e-02 4.434466e-01 7.869078e-01 1.015173e+00 3.598609e-01 -1.811683e-01 -9.134213e-02 5.301467e-01 7.216009e-01 6.490313e-01 -3.574104e-01 1.079147e+00 
148 1925 -4.971280012677415466e+10 0 0 5.549221e-03 4.792316e-01 3.049743e-01 4.068243e-01 1.100716e+00 9.284162e-01 3.785536e-01 2.661174e-02 3.901647e-01 8.416577e-01 8.057057e-01 7.117533e-01 1.084495e-01 4.568726e-01 7.930583e-01 1.041227e+00 3.674909e-01 -1.151048e-01 -1.268848e-01 5.484759e-01 7.221179e-01 6.302457e-01 -3.648746e-01 1.034384e+00 
149 1938 -5.209919805534990692e+10 0 0 4.181316e-02 4.827933e-01 2.856789e-01 4.091405e-01 1.088417e+00 9.234916e-01 3.547033e-01 3.521474e-02 4.194021e-01 8.478237e-01 7.697633e-01 6.898049e-01 1.094104e-01 4.590354e-01 7.880323e-01 1.005797e+00 3.492369e-01 -1.270356e-01 -9.901135e-02 5.223442e-01 7.053837e-01 6.323639e-01 -3.140188e-01 1.039122e+00 
150 1951 -5.089205571253389740e+10 0 0 3.321756e-02 5.038631e-01 2.864947e-01 4.331776e-01 1.070562e+00 9.201583e-01 3.537723e-01 7.805502e-02 4.486830e-01 8.660502e-01 7.742102e-01 7.362855e-01 7.305326e-02 4.520914e-01 7.912324e-01 9.972003e-01 3.386164e-01 -1.309976e-01 -8.250012e-02 5.374385e-01 7.200443e-01 6.159086e-01 -3.331009e-01 1.025565e+00 
151 1964 -5.248499979954811859e+10 0 0 3.332883e-02 4.906875e-01 2.767113e-01 3.993402e-01 1.080713e+00 9.253244e-01 3.535397e-01 7.484513e-02 4.305218e-01 8.609815e-01 7.552894e-01 7.123940e-01 8.709878e-02 4.583313e-01 7.831520e-01 1.011668e+00 3.427818e-01 -1.225931e-01 -5.442526e-02 5.415130e-01 6.992214e-01 6.172496e-01 -2.931869e-01 1.039943e+00 
152 1977 -5.134117173490783691e+10 0 0 -1.534172e-02 4.815632e-01 3.022502e-01 4.257366e-01 1.082906e+00 9.323027e-01 3.488505e-01 5.722825e-02 4.349432e-01 8.725073e-01 7.532982e-01 7.200832e-01 1.153002e-01 4.666838e-01 7.966448e-01 1.001382e+00 3.130470e-01 -1.267722e-01 -5.300879e-02 5.219254e-01 7.041431e-01 6.152500e-01 -3.164603e-01 1.058151e+00 
153 1990 -4.957541720397257996e+10 0 0 7.426749e-03 4.993407e-01 2.616538e-01 4.041371e-01 1.081805e+00 9.397219e-01 3.624166e-01 2.389705e-02 4.134444e-01 8.663081e-01 7.697751e-01 7.191281e-01 9.035408e-02 4.502404e-01 7.866304e-01 9.953924e-01 3.341345e-01 -1.415005e-01 -6.359958e-02 5.226120e-01 7.010071e-01 6.376598e-01 -3.191048e-01 1.061881e+00 
154 2003 -5.040712179183911133e+10 0 0 2.357062e-02 5.003421e-01 2.775520e-01 4.201328e-01 1.084450e+00 9.200267e-01 3.408989e-01 6.271552e-02 4.387109e-01 8.813996e-01 7.745591e-01 7.524546e-01 9.750476e-02 4.675984e-01 7.820822e-01 9.681541e-01 3.516038e-01 -1.223270e-01 -7.222406e-02 5.373997e-01 7.051975e-01 5.869001e-01 -3.244529e-01 1.063557e+00 
