%  columns="iteration, evaluation, sigma, max axis length, min axis length, all principal axes lengths (sorted square roots of eigenvalues of C)" (startseed=208333, 2020/03/26 11:12:11.34)
1 14 2.747490e-01 1.060500e+00 9.951531e-01 9.951531e-01 9.951531e-01 9.951531e-01 9.951531e-01 9.951531e-01 9.951531e-01 9.951531e-01 9.951531e-01 9.951531e-01 9.951531e-01 9.951531e-01 9.951531e-01 9.951531e-01 9.951531e-01 9.951531e-01 9.951531e-01 9.951531e-01 9.951531e-01 9.967892e-01 9.976431e-01 1.002137e+00 1.008963e+00 1.018989e+00 1.060500e+00 
2 27 2.564491e-01 1.063958e+00 9.903297e-01 9.903297e-01 9.903297e-01 9.903297e-01 9.903297e-01 9.903297e-01 9.903297e-01 9.903297e-01 9.903297e-01 9.903297e-01 9.903297e-01 9.903297e-01 9.903297e-01 9.913576e-01 9.916190e-01 9.922801e-01 9.931583e-01 9.953228e-01 9.963840e-01 9.995993e-01 1.003791e+00 1.005900e+00 1.009329e+00 1.038121e+00 1.063958e+00 
3 40 2.406270e-01 1.064565e+00 9.855296e-01 9.855296e-01 9.855296e-01 9.855296e-01 9.855296e-01 9.855296e-01 9.855296e-01 9.856619e-01 9.861998e-01 9.866464e-01 9.870088e-01 9.881134e-01 9.882458e-01 9.886364e-01 9.903807e-01 9.920161e-01 9.933583e-01 9.952771e-01 9.972238e-01 1.000492e+00 1.005575e+00 1.014018e+00 1.027341e+00 1.037483e+00 1.064565e+00 
4 53 2.286456e-01 1.062069e+00 9.807760e-01 9.807760e-01 9.808028e-01 9.808706e-01 9.810109e-01 9.811333e-01 9.813873e-01 9.816865e-01 9.820573e-01 9.834739e-01 9.840807e-01 9.849043e-01 9.864380e-01 9.875644e-01 9.890474e-01 9.902597e-01 9.919049e-01 9.944578e-01 9.991285e-01 1.002233e+00 1.003892e+00 1.012746e+00 1.029848e+00 1.038353e+00 1.062069e+00 
5 66 2.236616e-01 1.065779e+00 9.760973e-01 9.760973e-01 9.763095e-01 9.766129e-01 9.766988e-01 9.769762e-01 9.774415e-01 9.787748e-01 9.797100e-01 9.800847e-01 9.810362e-01 9.822585e-01 9.836495e-01 9.853730e-01 9.870700e-01 9.882219e-01 9.927903e-01 9.959176e-01 1.000053e+00 1.001603e+00 1.007717e+00 1.022009e+00 1.032183e+00 1.048047e+00 1.065779e+00 
6 79 2.100282e-01 1.065122e+00 9.717136e-01 9.717136e-01 9.720970e-01 9.723110e-01 9.731743e-01 9.733354e-01 9.743016e-01 9.753402e-01 9.759398e-01 9.779475e-01 9.786132e-01 9.800919e-01 9.810673e-01 9.827778e-01 9.866033e-01 9.880925e-01 9.918378e-01 9.945162e-01 9.977366e-01 1.000308e+00 1.004898e+00 1.022694e+00 1.030254e+00 1.049438e+00 1.065122e+00 
7 92 2.015956e-01 1.082320e+00 9.673452e-01 9.673452e-01 9.680024e-01 9.687060e-01 9.692001e-01 9.701318e-01 9.725293e-01 9.733486e-01 9.744067e-01 9.748053e-01 9.781369e-01 9.811355e-01 9.819782e-01 9.837539e-01 9.857565e-01 9.882003e-01 9.894252e-01 9.922511e-01 9.948438e-01 9.993158e-01 1.007142e+00 1.022192e+00 1.029227e+00 1.053539e+00 1.082320e+00 
8 105 1.946637e-01 1.091723e+00 9.635858e-01 9.635858e-01 9.642580e-01 9.646373e-01 9.658621e-01 9.683444e-01 9.687686e-01 9.695078e-01 9.709894e-01 9.750429e-01 9.770130e-01 9.782442e-01 9.814515e-01 9.827352e-01 9.846108e-01 9.864739e-01 9.884532e-01 9.939811e-01 9.987721e-01 1.001242e+00 1.005173e+00 1.021304e+00 1.028423e+00 1.054835e+00 1.091723e+00 
9 118 1.912970e-01 1.100887e+00 9.595002e-01 9.595002e-01 9.601544e-01 9.609022e-01 9.616417e-01 9.650969e-01 9.657135e-01 9.669121e-01 9.689364e-01 9.734658e-01 9.741914e-01 9.751981e-01 9.773922e-01 9.791181e-01 9.819775e-01 9.832614e-01 9.889417e-01 9.928005e-01 9.979760e-01 1.000628e+00 1.006531e+00 1.027341e+00 1.028905e+00 1.068767e+00 1.100887e+00 
10 131 1.873966e-01 1.105875e+00 9.551490e-01 9.551490e-01 9.570807e-01 9.578555e-01 9.590878e-01 9.616666e-01 9.624199e-01 9.639682e-01 9.672919e-01 9.696930e-01 9.713104e-01 9.737363e-01 9.755112e-01 9.767864e-01 9.809628e-01 9.834613e-01 9.902119e-01 9.928147e-01 9.989133e-01 1.003423e+00 1.009307e+00 1.026605e+00 1.036839e+00 1.066803e+00 1.105875e+00 
11 144 1.859387e-01 1.115649e+00 9.513221e-01 9.513221e-01 9.529850e-01 9.552758e-01 9.560816e-01 9.599243e-01 9.609882e-01 9.623046e-01 9.645161e-01 9.664701e-01 9.692792e-01 9.701630e-01 9.716457e-01 9.747905e-01 9.791354e-01 9.855265e-01 9.881546e-01 9.921566e-01 1.000198e+00 1.002762e+00 1.013415e+00 1.029357e+00 1.041177e+00 1.064525e+00 1.115649e+00 
12 157 1.879173e-01 1.138405e+00 9.474079e-01 9.474079e-01 9.506357e-01 9.515019e-01 9.539869e-01 9.562028e-01 9.578504e-01 9.591119e-01 9.622577e-01 9.630212e-01 9.668152e-01 9.681674e-01 9.717512e-01 9.720329e-01 9.748921e-01 9.851377e-01 9.892102e-01 9.950005e-01 1.001742e+00 1.002669e+00 1.011018e+00 1.027192e+00 1.042575e+00 1.062109e+00 1.138405e+00 
13 170 1.892306e-01 1.169009e+00 9.451164e-01 9.451164e-01 9.465539e-01 9.484198e-01 9.525170e-01 9.543046e-01 9.547506e-01 9.593593e-01 9.595475e-01 9.638320e-01 9.650583e-01 9.669324e-01 9.709854e-01 9.720197e-01 9.736722e-01 9.824112e-01 9.917906e-01 9.941518e-01 1.000811e+00 1.006106e+00 1.011180e+00 1.030921e+00 1.042594e+00 1.059441e+00 1.169009e+00 
14 183 1.921572e-01 1.187288e+00 9.422864e-01 9.422864e-01 9.449743e-01 9.462622e-01 9.497183e-01 9.503875e-01 9.542124e-01 9.553308e-01 9.576602e-01 9.611919e-01 9.627208e-01 9.641961e-01 9.673233e-01 9.698989e-01 9.743291e-01 9.794856e-01 9.892129e-01 9.928977e-01 9.978665e-01 1.005450e+00 1.010514e+00 1.029804e+00 1.050911e+00 1.059581e+00 1.187288e+00 
15 196 1.883414e-01 1.200427e+00 9.387647e-01 9.387647e-01 9.416125e-01 9.417915e-01 9.457742e-01 9.495544e-01 9.514135e-01 9.519606e-01 9.535265e-01 9.582483e-01 9.591243e-01 9.662356e-01 9.672185e-01 9.690461e-01 9.724113e-01 9.773817e-01 9.859638e-01 9.904349e-01 9.960349e-01 1.001396e+00 1.013132e+00 1.032074e+00 1.050089e+00 1.063125e+00 1.200427e+00 
16 209 1.815842e-01 1.208955e+00 9.353936e-01 9.353936e-01 9.400008e-01 9.407515e-01 9.434785e-01 9.459598e-01 9.478494e-01 9.504865e-01 9.531831e-01 9.549292e-01 9.575616e-01 9.644445e-01 9.669221e-01 9.690791e-01 9.736222e-01 9.821265e-01 9.850994e-01 9.886094e-01 9.954446e-01 1.000513e+00 1.015541e+00 1.033694e+00 1.051923e+00 1.061079e+00 1.208955e+00 
17 222 1.789442e-01 1.227902e+00 9.321914e-01 9.321914e-01 9.363588e-01 9.373868e-01 9.414503e-01 9.438226e-01 9.446765e-01 9.486347e-01 9.506347e-01 9.523349e-01 9.578964e-01 9.620286e-01 9.644378e-01 9.670876e-01 9.717463e-01 9.799370e-01 9.836659e-01 9.870503e-01 9.962169e-01 9.981788e-01 1.016382e+00 1.030703e+00 1.049985e+00 1.058172e+00 1.227902e+00 
18 235 1.803495e-01 1.236137e+00 9.298566e-01 9.298566e-01 9.358308e-01 9.366219e-01 9.396311e-01 9.407694e-01 9.423281e-01 9.450850e-01 9.503988e-01 9.520044e-01 9.592380e-01 9.613408e-01 9.641805e-01 9.692194e-01 9.744077e-01 9.772695e-01 9.832560e-01 9.873215e-01 9.962077e-01 1.004318e+00 1.015892e+00 1.033157e+00 1.049590e+00 1.061350e+00 1.236137e+00 
19 248 1.770736e-01 1.240622e+00 9.257382e-01 9.257382e-01 9.322436e-01 9.335679e-01 9.372192e-01 9.383754e-01 9.385685e-01 9.421751e-01 9.468741e-01 9.482928e-01 9.557883e-01 9.587543e-01 9.662215e-01 9.707794e-01 9.718475e-01 9.764383e-01 9.805579e-01 9.858596e-01 9.923771e-01 1.003454e+00 1.019001e+00 1.033820e+00 1.047478e+00 1.064645e+00 1.240622e+00 
20 261 1.759138e-01 1.241004e+00 9.229674e-01 9.229674e-01 9.287801e-01 9.303380e-01 9.339900e-01 9.346506e-01 9.378260e-01 9.407974e-01 9.441521e-01 9.454533e-01 9.536163e-01 9.588500e-01 9.631805e-01 9.689928e-01 9.716217e-01 9.798979e-01 9.810914e-01 9.885177e-01 9.894503e-01 1.002434e+00 1.021174e+00 1.037768e+00 1.044458e+00 1.070176e+00 1.241004e+00 
21 274 1.803695e-01 1.250171e+00 9.221747e-01 9.221747e-01 9.257537e-01 9.290886e-01 9.321782e-01 9.340764e-01 9.348134e-01 9.395043e-01 9.414392e-01 9.443260e-01 9.502843e-01 9.570339e-01 9.604582e-01 9.651956e-01 9.705973e-01 9.765671e-01 9.796612e-01 9.866864e-01 9.988946e-01 1.005368e+00 1.022658e+00 1.043350e+00 1.048996e+00 1.084415e+00 1.250171e+00 
22 287 1.844977e-01 1.255292e+00 9.183292e-01 9.183292e-01 9.221530e-01 9.259923e-01 9.280261e-01 9.308825e-01 9.325435e-01 9.366385e-01 9.389919e-01 9.467959e-01 9.488088e-01 9.562380e-01 9.625484e-01 9.631913e-01 9.682788e-01 9.744119e-01 9.815164e-01 9.902296e-01 9.972162e-01 1.002989e+00 1.035576e+00 1.045636e+00 1.055795e+00 1.093669e+00 1.255292e+00 
23 300 1.874371e-01 1.254738e+00 9.160767e-01 9.160767e-01 9.204440e-01 9.227882e-01 9.258793e-01 9.276484e-01 9.322239e-01 9.347773e-01 9.390287e-01 9.432481e-01 9.459813e-01 9.587654e-01 9.622923e-01 9.668159e-01 9.699121e-01 9.714049e-01 9.777200e-01 9.922186e-01 9.953084e-01 9.991642e-01 1.034430e+00 1.042090e+00 1.066437e+00 1.104789e+00 1.254738e+00 
24 313 1.919831e-01 1.253962e+00 9.134395e-01 9.134395e-01 9.172102e-01 9.222712e-01 9.233742e-01 9.242137e-01 9.289939e-01 9.317181e-01 9.404353e-01 9.416351e-01 9.463477e-01 9.547355e-01 9.610295e-01 9.639688e-01 9.691025e-01 9.727750e-01 9.833947e-01 9.915174e-01 9.942094e-01 1.000464e+00 1.031710e+00 1.041220e+00 1.066393e+00 1.132613e+00 1.253962e+00 
25 326 1.954682e-01 1.254939e+00 9.104679e-01 9.104679e-01 9.137526e-01 9.197385e-01 9.218685e-01 9.227086e-01 9.285002e-01 9.297403e-01 9.369876e-01 9.416747e-01 9.466311e-01 9.517952e-01 9.589354e-01 9.634973e-01 9.663237e-01 9.712397e-01 9.807480e-01 9.897663e-01 9.923711e-01 1.004997e+00 1.032531e+00 1.042397e+00 1.062011e+00 1.154420e+00 1.254939e+00 
26 339 1.927914e-01 1.254157e+00 9.091704e-01 9.091704e-01 9.125208e-01 9.176652e-01 9.186883e-01 9.196960e-01 9.259395e-01 9.288184e-01 9.352845e-01 9.397466e-01 9.473262e-01 9.477386e-01 9.592883e-01 9.622554e-01 9.641266e-01 9.681254e-01 9.813564e-01 9.879015e-01 9.925675e-01 1.006233e+00 1.030503e+00 1.041662e+00 1.062555e+00 1.167356e+00 1.254157e+00 
27 352 1.915077e-01 1.251037e+00 9.069010e-01 9.069010e-01 9.094948e-01 9.135183e-01 9.147844e-01 9.167483e-01 9.248286e-01 9.289353e-01 9.352821e-01 9.409812e-01 9.441953e-01 9.487554e-01 9.562468e-01 9.621043e-01 9.641111e-01 9.669833e-01 9.791370e-01 9.866195e-01 9.997808e-01 1.007852e+00 1.026199e+00 1.043052e+00 1.059622e+00 1.174932e+00 1.251037e+00 
28 365 1.921050e-01 1.249823e+00 9.033905e-01 9.033905e-01 9.074966e-01 9.097245e-01 9.144391e-01 9.202665e-01 9.253525e-01 9.264527e-01 9.338968e-01 9.384375e-01 9.438192e-01 9.488129e-01 9.565434e-01 9.594773e-01 9.609814e-01 9.674500e-01 9.809429e-01 9.908450e-01 9.967167e-01 1.007627e+00 1.027505e+00 1.048239e+00 1.056555e+00 1.184625e+00 1.249823e+00 
29 378 2.014995e-01 1.249169e+00 8.999581e-01 8.999581e-01 9.049004e-01 9.067529e-01 9.134505e-01 9.187498e-01 9.234481e-01 9.262263e-01 9.339184e-01 9.357224e-01 9.421504e-01 9.482201e-01 9.540294e-01 9.601606e-01 9.610963e-01 9.714757e-01 9.786695e-01 9.943882e-01 9.949048e-01 1.018351e+00 1.029219e+00 1.054955e+00 1.060212e+00 1.197705e+00 1.249169e+00 
30 391 2.132257e-01 1.249583e+00 8.963741e-01 8.963741e-01 9.020977e-01 9.097318e-01 9.117417e-01 9.167809e-01 9.229788e-01 9.252582e-01 9.335260e-01 9.378516e-01 9.406450e-01 9.443433e-01 9.504807e-01 9.593388e-01 9.607171e-01 9.686986e-01 9.749303e-01 9.938072e-01 9.956817e-01 1.022907e+00 1.035205e+00 1.051786e+00 1.063679e+00 1.230630e+00 1.249583e+00 
31 404 2.247900e-01 1.265405e+00 8.949313e-01 8.949313e-01 9.024624e-01 9.074776e-01 9.104940e-01 9.163597e-01 9.192419e-01 9.280094e-01 9.321887e-01 9.348744e-01 9.383966e-01 9.411293e-01 9.480553e-01 9.559741e-01 9.587381e-01 9.713206e-01 9.749981e-01 9.919537e-01 9.963498e-01 1.020227e+00 1.039516e+00 1.049249e+00 1.070720e+00 1.244690e+00 1.265405e+00 
32 417 2.340878e-01 1.288645e+00 8.927175e-01 8.927175e-01 8.990251e-01 9.034930e-01 9.075599e-01 9.126681e-01 9.194132e-01 9.293135e-01 9.303894e-01 9.322215e-01 9.352624e-01 9.435259e-01 9.454550e-01 9.529583e-01 9.566027e-01 9.707561e-01 9.826294e-01 9.888234e-01 9.935870e-01 1.021461e+00 1.038979e+00 1.047319e+00 1.076872e+00 1.243178e+00 1.288645e+00 
33 430 2.284840e-01 1.302987e+00 8.890282e-01 8.890282e-01 8.964662e-01 9.000002e-01 9.058653e-01 9.111557e-01 9.161216e-01 9.265216e-01 9.282564e-01 9.305448e-01 9.367160e-01 9.409632e-01 9.465955e-01 9.520502e-01 9.543225e-01 9.727000e-01 9.837938e-01 9.860191e-01 9.936648e-01 1.020139e+00 1.036996e+00 1.047650e+00 1.076132e+00 1.238674e+00 1.302987e+00 
34 443 2.187909e-01 1.309251e+00 8.853221e-01 8.853221e-01 8.954729e-01 8.971159e-01 9.033819e-01 9.077286e-01 9.173833e-01 9.235264e-01 9.272784e-01 9.317811e-01 9.342704e-01 9.379372e-01 9.453640e-01 9.503160e-01 9.572768e-01 9.698282e-01 9.848908e-01 9.881028e-01 9.981538e-01 1.018300e+00 1.036150e+00 1.047002e+00 1.074217e+00 1.233591e+00 1.309251e+00 
35 456 2.107194e-01 1.309511e+00 8.819757e-01 8.819757e-01 8.916255e-01 8.949651e-01 9.010187e-01 9.042387e-01 9.144583e-01 9.218492e-01 9.276595e-01 9.293714e-01 9.308275e-01 9.385992e-01 9.436375e-01 9.479728e-01 9.561691e-01 9.658132e-01 9.836984e-01 9.873852e-01 9.994411e-01 1.019290e+00 1.032602e+00 1.047586e+00 1.070363e+00 1.230010e+00 1.309511e+00 
36 469 2.039645e-01 1.321545e+00 8.815273e-01 8.815273e-01 8.886591e-01 8.954406e-01 8.981760e-01 9.046664e-01 9.137497e-01 9.189515e-01 9.241960e-01 9.279041e-01 9.303294e-01 9.363777e-01 9.406186e-01 9.449242e-01 9.557541e-01 9.645859e-01 9.809829e-01 9.869340e-01 9.971540e-01 1.020767e+00 1.030291e+00 1.045884e+00 1.067522e+00 1.226052e+00 1.321545e+00 
37 482 1.983720e-01 1.322640e+00 8.808943e-01 8.808943e-01 8.862847e-01 8.916035e-01 8.948860e-01 9.019790e-01 9.140896e-01 9.204847e-01 9.206962e-01 9.270564e-01 9.306085e-01 9.355815e-01 9.378238e-01 9.483663e-01 9.534202e-01 9.616269e-01 9.824025e-01 9.869519e-01 9.969632e-01 1.019962e+00 1.026005e+00 1.051005e+00 1.063111e+00 1.229419e+00 1.322640e+00 
38 495 1.936930e-01 1.317635e+00 8.780478e-01 8.780478e-01 8.852793e-01 8.879019e-01 8.951524e-01 9.008108e-01 9.115765e-01 9.168668e-01 9.204034e-01 9.261066e-01 9.294442e-01 9.324219e-01 9.367692e-01 9.462973e-01 9.560095e-01 9.602498e-01 9.806441e-01 9.862758e-01 9.981094e-01 1.020462e+00 1.024493e+00 1.055541e+00 1.062931e+00 1.227185e+00 1.317635e+00 
39 508 1.928355e-01 1.319387e+00 8.760932e-01 8.760932e-01 8.819596e-01 8.857235e-01 8.918311e-01 8.997965e-01 9.077590e-01 9.152478e-01 9.183056e-01 9.240481e-01 9.264187e-01 9.305499e-01 9.351950e-01 9.432939e-01 9.559495e-01 9.626830e-01 9.816051e-01 9.874053e-01 9.982332e-01 1.017310e+00 1.020573e+00 1.059501e+00 1.070191e+00 1.223990e+00 1.319387e+00 
40 521 1.905115e-01 1.326709e+00 8.726921e-01 8.726921e-01 8.779584e-01 8.824460e-01 8.892623e-01 8.972397e-01 9.070455e-01 9.114661e-01 9.164384e-01 9.204889e-01 9.229202e-01 9.316972e-01 9.355357e-01 9.486685e-01 9.534518e-01 9.637767e-01 9.793095e-01 9.890967e-01 1.001502e+00 1.012964e+00 1.019995e+00 1.058328e+00 1.082132e+00 1.220571e+00 1.326709e+00 
41 534 1.854844e-01 1.330716e+00 8.717580e-01 8.717580e-01 8.748373e-01 8.800352e-01 8.881460e-01 8.945080e-01 9.042672e-01 9.078307e-01 9.153222e-01 9.192692e-01 9.206840e-01 9.305249e-01 9.354250e-01 9.467236e-01 9.519206e-01 9.630795e-01 9.763392e-01 9.869574e-01 1.000691e+00 1.010135e+00 1.022301e+00 1.056154e+00 1.091048e+00 1.217433e+00 1.330716e+00 
42 547 1.796127e-01 1.329337e+00 8.704834e-01 8.704834e-01 8.718866e-01 8.795025e-01 8.867618e-01 8.942005e-01 9.010014e-01 9.063502e-01 9.126873e-01 9.155950e-01 9.169862e-01 9.290498e-01 9.338321e-01 9.431550e-01 9.537723e-01 9.592356e-01 9.750242e-01 9.858724e-01 9.988150e-01 1.007428e+00 1.019756e+00 1.053483e+00 1.092781e+00 1.218258e+00 1.329337e+00 
43 560 1.779517e-01 1.326922e+00 8.668239e-01 8.668239e-01 8.695317e-01 8.769679e-01 8.839826e-01 8.932557e-01 8.999189e-01 9.031596e-01 9.115331e-01 9.140342e-01 9.161061e-01 9.290951e-01 9.331267e-01 9.401294e-01 9.524330e-01 9.557659e-01 9.742964e-01 9.840891e-01 9.969373e-01 1.006281e+00 1.022321e+00 1.051123e+00 1.112192e+00 1.215138e+00 1.326922e+00 
44 573 1.805640e-01 1.325762e+00 8.646932e-01 8.646932e-01 8.676683e-01 8.739733e-01 8.832218e-01 8.912091e-01 8.968472e-01 9.020186e-01 9.079971e-01 9.130202e-01 9.133722e-01 9.290086e-01 9.354323e-01 9.388123e-01 9.497552e-01 9.562996e-01 9.739199e-01 9.834480e-01 9.948489e-01 1.019876e+00 1.024993e+00 1.051232e+00 1.125574e+00 1.211399e+00 1.325762e+00 
45 586 1.813100e-01 1.321793e+00 8.613960e-01 8.613960e-01 8.653661e-01 8.707177e-01 8.826704e-01 8.894899e-01 8.979445e-01 9.019896e-01 9.054259e-01 9.096171e-01 9.113460e-01 9.291872e-01 9.373807e-01 9.392846e-01 9.485512e-01 9.599497e-01 9.714897e-01 9.845998e-01 1.003451e+00 1.016121e+00 1.029177e+00 1.048121e+00 1.131346e+00 1.210277e+00 1.321793e+00 
46 599 1.788396e-01 1.321080e+00 8.589122e-01 8.589122e-01 8.639988e-01 8.703212e-01 8.806143e-01 8.897063e-01 8.964702e-01 8.994986e-01 9.017763e-01 9.058530e-01 9.149406e-01 9.274510e-01 9.355262e-01 9.384737e-01 9.462807e-01 9.556958e-01 9.690617e-01 9.859004e-01 1.009416e+00 1.015814e+00 1.031459e+00 1.044271e+00 1.132353e+00 1.210548e+00 1.321080e+00 
47 612 1.768147e-01 1.325160e+00 8.565239e-01 8.565239e-01 8.618407e-01 8.682749e-01 8.781517e-01 8.863933e-01 8.941413e-01 8.969144e-01 9.022069e-01 9.092001e-01 9.121388e-01 9.252157e-01 9.329341e-01 9.362710e-01 9.475150e-01 9.572499e-01 9.666866e-01 9.848158e-01 1.006478e+00 1.014834e+00 1.034155e+00 1.042275e+00 1.130082e+00 1.209834e+00 1.325160e+00 
48 625 1.747558e-01 1.329309e+00 8.536782e-01 8.536782e-01 8.608125e-01 8.688441e-01 8.746532e-01 8.835254e-01 8.920427e-01 8.955022e-01 9.031509e-01 9.091996e-01 9.199313e-01 9.234386e-01 9.317412e-01 9.337815e-01 9.483460e-01 9.542779e-01 9.652201e-01 9.824488e-01 1.004059e+00 1.014437e+00 1.036199e+00 1.044975e+00 1.129644e+00 1.209934e+00 1.329309e+00 
49 638 1.674420e-01 1.334944e+00 8.507933e-01 8.507933e-01 8.588186e-01 8.665352e-01 8.742584e-01 8.798849e-01 8.887694e-01 8.936563e-01 9.017386e-01 9.079116e-01 9.163283e-01 9.238842e-01 9.286429e-01 9.368685e-01 9.502886e-01 9.589815e-01 9.664315e-01 9.805984e-01 1.001015e+00 1.012423e+00 1.040188e+00 1.051080e+00 1.129333e+00 1.208861e+00 1.334944e+00 
50 651 1.622604e-01 1.340603e+00 8.480294e-01 8.480294e-01 8.569929e-01 8.651974e-01 8.714942e-01 8.770814e-01 8.856064e-01 8.926278e-01 9.011978e-01 9.064893e-01 9.161350e-01 9.230468e-01 9.259082e-01 9.347304e-01 9.495641e-01 9.556444e-01 9.643693e-01 9.791643e-01 9.965521e-01 1.010477e+00 1.037224e+00 1.048094e+00 1.136442e+00 1.205865e+00 1.340603e+00 
51 664 1.588835e-01 1.343298e+00 8.452567e-01 8.452567e-01 8.546468e-01 8.617789e-01 8.716353e-01 8.779436e-01 8.830178e-01 8.930846e-01 8.976137e-01 9.074923e-01 9.159830e-01 9.220366e-01 9.269419e-01 9.312212e-01 9.481002e-01 9.527179e-01 9.611416e-01 9.766908e-01 1.000911e+00 1.012722e+00 1.040780e+00 1.046212e+00 1.141401e+00 1.201151e+00 1.343298e+00 
52 677 1.534796e-01 1.345397e+00 8.438975e-01 8.438975e-01 8.524169e-01 8.600155e-01 8.691636e-01 8.750076e-01 8.815553e-01 8.908578e-01 8.958515e-01 9.061576e-01 9.155226e-01 9.207542e-01 9.239247e-01 9.281399e-01 9.483008e-01 9.532024e-01 9.579079e-01 9.778088e-01 9.992605e-01 1.011980e+00 1.040479e+00 1.042834e+00 1.142963e+00 1.197977e+00 1.345397e+00 
53 690 1.488491e-01 1.344282e+00 8.413915e-01 8.413915e-01 8.516567e-01 8.579529e-01 8.663951e-01 8.724534e-01 8.782044e-01 8.900018e-01 8.943858e-01 9.033911e-01 9.125944e-01 9.180558e-01 9.249766e-01 9.314148e-01 9.463432e-01 9.513658e-01 9.587457e-01 9.776456e-01 1.000271e+00 1.009645e+00 1.038921e+00 1.041594e+00 1.144899e+00 1.194106e+00 1.344282e+00 
54 703 1.473814e-01 1.341353e+00 8.397412e-01 8.397412e-01 8.495432e-01 8.544862e-01 8.631823e-01 8.736367e-01 8.757670e-01 8.861989e-01 8.925103e-01 8.994220e-01 9.089647e-01 9.178796e-01 9.229045e-01 9.367163e-01 9.493843e-01 9.537179e-01 9.635610e-01 9.749505e-01 1.001807e+00 1.006758e+00 1.036150e+00 1.046206e+00 1.149299e+00 1.196645e+00 1.341353e+00 
55 716 1.370719e-01 1.338063e+00 8.386047e-01 8.386047e-01 8.467720e-01 8.519122e-01 8.597420e-01 8.721789e-01 8.732353e-01 8.836686e-01 8.901950e-01 8.988195e-01 9.053484e-01 9.166884e-01 9.197205e-01 9.360566e-01 9.482801e-01 9.535820e-01 9.651361e-01 9.822226e-01 9.999155e-01 1.003160e+00 1.032076e+00 1.050226e+00 1.148154e+00 1.200994e+00 1.338063e+00 
56 729 1.319354e-01 1.335042e+00 8.349540e-01 8.349540e-01 8.437736e-01 8.523440e-01 8.567289e-01 8.684319e-01 8.719026e-01 8.821066e-01 8.911138e-01 8.968595e-01 9.032239e-01 9.152649e-01 9.183594e-01 9.335295e-01 9.488091e-01 9.524971e-01 9.685320e-01 9.806806e-01 9.990624e-01 1.007477e+00 1.030224e+00 1.047200e+00 1.144850e+00 1.198154e+00 1.335042e+00 
57 742 1.295182e-01 1.334992e+00 8.341797e-01 8.341797e-01 8.409426e-01 8.487358e-01 8.551447e-01 8.661439e-01 8.703747e-01 8.818673e-01 8.880968e-01 8.972020e-01 9.020305e-01 9.117330e-01 9.166810e-01 9.339064e-01 9.491819e-01 9.504748e-01 9.772076e-01 9.838376e-01 9.988719e-01 1.007406e+00 1.030128e+00 1.045701e+00 1.145432e+00 1.199924e+00 1.334992e+00 
58 755 1.277715e-01 1.332568e+00 8.304478e-01 8.304478e-01 8.386344e-01 8.464164e-01 8.525396e-01 8.659580e-01 8.696643e-01 8.809457e-01 8.864870e-01 8.951727e-01 8.997722e-01 9.086729e-01 9.187164e-01 9.315307e-01 9.459471e-01 9.487177e-01 9.739914e-01 9.854235e-01 9.971508e-01 1.019804e+00 1.034873e+00 1.047473e+00 1.145473e+00 1.196227e+00 1.332568e+00 
59 768 1.259612e-01 1.332043e+00 8.282520e-01 8.282520e-01 8.355341e-01 8.465997e-01 8.508925e-01 8.630527e-01 8.697346e-01 8.842475e-01 8.865560e-01 8.931444e-01 8.965501e-01 9.087856e-01 9.147400e-01 9.298907e-01 9.447082e-01 9.484584e-01 9.715727e-01 9.886048e-01 9.932984e-01 1.024261e+00 1.030999e+00 1.061143e+00 1.143362e+00 1.191615e+00 1.332043e+00 
60 781 1.247575e-01 1.334104e+00 8.251688e-01 8.251688e-01 8.331060e-01 8.433236e-01 8.475022e-01 8.605368e-01 8.712607e-01 8.823242e-01 8.842383e-01 8.900373e-01 8.943139e-01 9.110096e-01 9.142597e-01 9.279859e-01 9.438855e-01 9.503204e-01 9.691915e-01 9.867818e-01 9.964521e-01 1.026583e+00 1.031899e+00 1.074267e+00 1.142402e+00 1.188658e+00 1.334104e+00 
61 794 1.186237e-01 1.331125e+00 8.234571e-01 8.234571e-01 8.312416e-01 8.409994e-01 8.477667e-01 8.591290e-01 8.696484e-01 8.803713e-01 8.826068e-01 8.868439e-01 8.919175e-01 9.074493e-01 9.139715e-01 9.242564e-01 9.413148e-01 9.487179e-01 9.709226e-01 9.864201e-01 9.953050e-01 1.023486e+00 1.030224e+00 1.076889e+00 1.140079e+00 1.190363e+00 1.331125e+00 
62 807 1.114034e-01 1.331244e+00 8.216272e-01 8.216272e-01 8.274817e-01 8.415272e-01 8.453255e-01 8.594408e-01 8.684057e-01 8.776560e-01 8.805971e-01 8.849186e-01 8.908180e-01 9.078320e-01 9.111193e-01 9.222577e-01 9.406790e-01 9.459150e-01 9.685128e-01 9.828577e-01 9.913203e-01 1.021437e+00 1.030160e+00 1.081895e+00 1.136287e+00 1.189783e+00 1.331244e+00 
63 820 1.059392e-01 1.326959e+00 8.187430e-01 8.187430e-01 8.264841e-01 8.395716e-01 8.472952e-01 8.564682e-01 8.663465e-01 8.759827e-01 8.791724e-01 8.831152e-01 8.885525e-01 9.046815e-01 9.109078e-01 9.217517e-01 9.413052e-01 9.424799e-01 9.679692e-01 9.854870e-01 9.896074e-01 1.020053e+00 1.027962e+00 1.080843e+00 1.138253e+00 1.185508e+00 1.326959e+00 
64 833 1.011796e-01 1.326055e+00 8.174075e-01 8.174075e-01 8.246906e-01 8.382623e-01 8.451268e-01 8.566491e-01 8.626538e-01 8.750664e-01 8.784469e-01 8.817036e-01 8.904074e-01 9.067587e-01 9.091255e-01 9.192377e-01 9.391991e-01 9.420912e-01 9.649658e-01 9.827682e-01 9.901091e-01 1.023674e+00 1.031460e+00 1.080113e+00 1.134543e+00 1.181361e+00 1.326055e+00 
65 846 9.415147e-02 1.329761e+00 8.154496e-01 8.154496e-01 8.218260e-01 8.348782e-01 8.421725e-01 8.546825e-01 8.591054e-01 8.749626e-01 8.764878e-01 8.820786e-01 8.874868e-01 9.041835e-01 9.084262e-01 9.202579e-01 9.388357e-01 9.415906e-01 9.657789e-01 9.809594e-01 9.865530e-01 1.023216e+00 1.028544e+00 1.077076e+00 1.131312e+00 1.176754e+00 1.329761e+00 
66 859 9.169809e-02 1.333009e+00 8.120550e-01 8.120550e-01 8.184972e-01 8.345782e-01 8.447704e-01 8.548454e-01 8.625242e-01 8.731171e-01 8.796789e-01 8.839139e-01 8.893823e-01 9.016327e-01 9.055162e-01 9.191907e-01 9.351090e-01 9.412468e-01 9.642257e-01 9.800999e-01 9.928199e-01 1.018820e+00 1.026268e+00 1.075378e+00 1.132682e+00 1.175650e+00 1.333009e+00 
67 872 8.930734e-02 1.331042e+00 8.105761e-01 8.105761e-01 8.153437e-01 8.363212e-01 8.418838e-01 8.530546e-01 8.612739e-01 8.709586e-01 8.779162e-01 8.813913e-01 8.893660e-01 9.019161e-01 9.105160e-01 9.183268e-01 9.333591e-01 9.408933e-01 9.626096e-01 9.803235e-01 9.944518e-01 1.016806e+00 1.024728e+00 1.080250e+00 1.127931e+00 1.175623e+00 1.331042e+00 
68 885 8.621504e-02 1.329744e+00 8.072385e-01 8.072385e-01 8.153863e-01 8.380689e-01 8.400322e-01 8.531000e-01 8.579456e-01 8.686743e-01 8.765387e-01 8.775822e-01 8.906034e-01 8.989444e-01 9.097695e-01 9.195702e-01 9.349281e-01 9.423024e-01 9.639224e-01 9.782807e-01 9.925718e-01 1.015473e+00 1.028695e+00 1.080696e+00 1.124866e+00 1.173050e+00 1.329744e+00 
69 898 8.356202e-02 1.328263e+00 8.044633e-01 8.044633e-01 8.140351e-01 8.347993e-01 8.384415e-01 8.536713e-01 8.592940e-01 8.665463e-01 8.746904e-01 8.781768e-01 8.897496e-01 8.973916e-01 9.079601e-01 9.206593e-01 9.337021e-01 9.415984e-01 9.639349e-01 9.756754e-01 9.902484e-01 1.011405e+00 1.032185e+00 1.081876e+00 1.128121e+00 1.169010e+00 1.328263e+00 
70 911 8.148794e-02 1.326768e+00 8.020978e-01 8.020978e-01 8.110279e-01 8.317651e-01 8.372829e-01 8.538404e-01 8.613252e-01 8.668972e-01 8.732564e-01 8.754603e-01 8.865470e-01 8.951180e-01 9.044106e-01 9.196834e-01 9.321868e-01 9.419995e-01 9.627102e-01 9.778327e-01 9.960797e-01 1.010269e+00 1.029045e+00 1.085539e+00 1.129016e+00 1.165590e+00 1.326768e+00 
71 924 7.595092e-02 1.324022e+00 7.997601e-01 7.997601e-01 8.101046e-01 8.306336e-01 8.369051e-01 8.506742e-01 8.595026e-01 8.634056e-01 8.700375e-01 8.748099e-01 8.856000e-01 8.939096e-01 9.016886e-01 9.156553e-01 9.318912e-01 9.423399e-01 9.600114e-01 9.758151e-01 9.949837e-01 1.009728e+00 1.026229e+00 1.085918e+00 1.127794e+00 1.164435e+00 1.324022e+00 
72 937 7.318914e-02 1.319119e+00 7.991419e-01 7.991419e-01 8.108585e-01 8.282844e-01 8.351449e-01 8.482909e-01 8.585494e-01 8.617110e-01 8.695252e-01 8.732195e-01 8.837777e-01 8.978804e-01 9.044651e-01 9.132083e-01 9.336956e-01 9.472543e-01 9.631648e-01 9.840060e-01 9.947299e-01 1.007814e+00 1.023562e+00 1.083272e+00 1.126708e+00 1.161328e+00 1.319119e+00 
73 950 7.471479e-02 1.315429e+00 7.962164e-01 7.962164e-01 8.116969e-01 8.290672e-01 8.336467e-01 8.478054e-01 8.564789e-01 8.607461e-01 8.704307e-01 8.756368e-01 8.808882e-01 8.959489e-01 9.020637e-01 9.116590e-01 9.417254e-01 9.485267e-01 9.606594e-01 9.811148e-01 9.969025e-01 1.010736e+00 1.030015e+00 1.080459e+00 1.123847e+00 1.171125e+00 1.315429e+00 
74 963 7.787393e-02 1.312976e+00 7.931496e-01 7.931496e-01 8.113302e-01 8.294086e-01 8.321751e-01 8.450569e-01 8.547222e-01 8.578184e-01 8.691708e-01 8.738026e-01 8.868077e-01 8.932174e-01 9.035429e-01 9.105900e-01 9.387251e-01 9.500323e-01 9.577304e-01 9.800938e-01 1.001884e+00 1.012905e+00 1.044701e+00 1.078187e+00 1.138499e+00 1.189977e+00 1.312976e+00 
75 976 7.752318e-02 1.309555e+00 7.894252e-01 7.894252e-01 8.099406e-01 8.273434e-01 8.302399e-01 8.419627e-01 8.525996e-01 8.557359e-01 8.670241e-01 8.728008e-01 8.861310e-01 8.913452e-01 9.013256e-01 9.147624e-01 9.358993e-01 9.494625e-01 9.553017e-01 9.767681e-01 1.001010e+00 1.013121e+00 1.048969e+00 1.081915e+00 1.141760e+00 1.198986e+00 1.309555e+00 
76 989 7.634892e-02 1.309460e+00 7.859250e-01 7.859250e-01 8.118277e-01 8.255170e-01 8.279735e-01 8.408774e-01 8.491315e-01 8.565744e-01 8.647358e-01 8.696384e-01 8.860427e-01 8.938622e-01 9.004865e-01 9.189966e-01 9.340392e-01 9.498618e-01 9.582165e-01 9.761897e-01 9.993508e-01 1.017194e+00 1.048132e+00 1.078229e+00 1.141344e+00 1.204549e+00 1.309460e+00 
77 1002 7.510536e-02 1.309111e+00 7.852341e-01 7.852341e-01 8.096960e-01 8.222791e-01 8.272697e-01 8.382886e-01 8.457172e-01 8.570058e-01 8.652023e-01 8.666385e-01 8.841089e-01 8.899325e-01 9.004035e-01 9.185434e-01 9.312075e-01 9.475220e-01 9.586690e-01 9.780151e-01 9.985479e-01 1.017498e+00 1.045090e+00 1.074030e+00 1.143250e+00 1.210668e+00 1.309111e+00 
78 1015 7.552286e-02 1.313660e+00 7.819498e-01 7.819498e-01 8.079823e-01 8.198755e-01 8.252578e-01 8.350351e-01 8.425529e-01 8.548102e-01 8.627078e-01 8.665590e-01 8.840728e-01 8.945101e-01 9.001428e-01 9.173915e-01 9.273938e-01 9.470490e-01 9.581586e-01 9.756882e-01 1.000521e+00 1.016761e+00 1.050554e+00 1.072083e+00 1.152709e+00 1.215343e+00 1.313660e+00 
79 1028 7.541121e-02 1.313847e+00 7.787036e-01 7.787036e-01 8.047064e-01 8.170786e-01 8.222333e-01 8.321894e-01 8.425041e-01 8.519354e-01 8.592547e-01 8.674534e-01 8.884078e-01 8.937693e-01 9.050069e-01 9.203389e-01 9.259491e-01 9.445440e-01 9.546573e-01 9.733638e-01 9.989592e-01 1.013137e+00 1.052020e+00 1.070423e+00 1.151820e+00 1.225927e+00 1.313847e+00 
80 1041 7.615702e-02 1.315617e+00 7.767645e-01 7.767645e-01 8.032941e-01 8.145093e-01 8.191414e-01 8.300126e-01 8.394784e-01 8.514034e-01 8.602131e-01 8.733810e-01 8.872820e-01 8.907805e-01 9.135032e-01 9.206081e-01 9.279303e-01 9.410574e-01 9.518751e-01 9.726916e-01 9.979686e-01 1.010234e+00 1.055674e+00 1.070690e+00 1.148586e+00 1.230911e+00 1.315617e+00 
81 1054 7.614711e-02 1.318513e+00 7.743088e-01 7.743088e-01 8.008776e-01 8.140538e-01 8.167956e-01 8.275774e-01 8.366384e-01 8.560643e-01 8.577905e-01 8.721499e-01 8.834598e-01 8.884669e-01 9.136797e-01 9.184870e-01 9.275890e-01 9.412522e-01 9.504685e-01 9.708143e-01 9.964465e-01 1.017701e+00 1.053863e+00 1.071789e+00 1.147127e+00 1.236813e+00 1.318513e+00 
82 1067 7.498249e-02 1.327995e+00 7.707691e-01 7.707691e-01 8.022411e-01 8.104330e-01 8.157042e-01 8.283438e-01 8.353223e-01 8.531375e-01 8.564073e-01 8.720143e-01 8.844697e-01 8.862629e-01 9.153072e-01 9.173871e-01 9.246746e-01 9.377775e-01 9.477975e-01 9.687393e-01 9.965973e-01 1.020053e+00 1.052767e+00 1.068468e+00 1.144393e+00 1.238310e+00 1.327995e+00 
83 1080 7.400870e-02 1.328753e+00 7.673640e-01 7.673640e-01 8.028873e-01 8.069834e-01 8.143838e-01 8.254005e-01 8.332086e-01 8.517800e-01 8.585349e-01 8.686225e-01 8.826956e-01 8.848655e-01 9.136046e-01 9.186766e-01 9.255802e-01 9.347308e-01 9.520231e-01 9.661062e-01 9.973053e-01 1.016266e+00 1.052128e+00 1.069149e+00 1.143444e+00 1.234719e+00 1.328753e+00 
84 1093 7.284748e-02 1.331748e+00 7.647570e-01 7.647570e-01 8.033410e-01 8.088487e-01 8.130067e-01 8.245380e-01 8.331068e-01 8.492740e-01 8.564145e-01 8.658796e-01 8.792308e-01 8.867952e-01 9.105466e-01 9.165662e-01 9.284034e-01 9.371762e-01 9.521044e-01 9.621625e-01 9.983515e-01 1.013681e+00 1.054775e+00 1.066459e+00 1.140345e+00 1.234836e+00 1.331748e+00 
85 1106 7.235863e-02 1.345504e+00 7.631760e-01 7.631760e-01 8.011087e-01 8.060834e-01 8.100317e-01 8.221151e-01 8.342967e-01 8.478765e-01 8.548513e-01 8.660060e-01 8.759626e-01 8.855775e-01 9.112205e-01 9.160960e-01 9.272566e-01 9.354117e-01 9.497313e-01 9.682566e-01 9.955540e-01 1.018738e+00 1.052919e+00 1.063241e+00 1.140527e+00 1.230723e+00 1.345504e+00 
86 1119 7.386066e-02 1.356226e+00 7.597626e-01 7.597626e-01 8.024847e-01 8.070057e-01 8.106051e-01 8.186591e-01 8.334285e-01 8.444837e-01 8.519684e-01 8.640722e-01 8.739522e-01 8.828420e-01 9.072721e-01 9.148450e-01 9.257012e-01 9.355821e-01 9.463242e-01 9.743912e-01 9.924586e-01 1.027481e+00 1.054526e+00 1.064064e+00 1.143280e+00 1.228124e+00 1.356226e+00 
87 1132 7.343311e-02 1.357603e+00 7.570413e-01 7.570413e-01 8.008945e-01 8.048720e-01 8.098723e-01 8.162124e-01 8.316168e-01 8.428032e-01 8.524050e-01 8.620871e-01 8.726161e-01 8.806547e-01 9.042735e-01 9.181070e-01 9.277584e-01 9.329388e-01 9.445618e-01 9.726021e-01 9.921012e-01 1.026283e+00 1.053145e+00 1.071593e+00 1.140138e+00 1.226786e+00 1.357603e+00 
88 1145 7.337380e-02 1.356066e+00 7.537914e-01 7.537914e-01 7.976866e-01 8.050545e-01 8.075717e-01 8.178205e-01 8.286683e-01 8.450487e-01 8.526586e-01 8.598206e-01 8.704383e-01 8.784327e-01 9.005327e-01 9.190091e-01 9.299412e-01 9.344737e-01 9.408976e-01 9.712604e-01 9.922414e-01 1.026460e+00 1.054902e+00 1.074140e+00 1.141587e+00 1.229011e+00 1.356066e+00 
89 1158 7.262520e-02 1.354682e+00 7.517307e-01 7.517307e-01 7.968705e-01 8.020890e-01 8.050484e-01 8.172387e-01 8.272559e-01 8.450614e-01 8.504775e-01 8.580352e-01 8.715269e-01 8.760485e-01 8.989483e-01 9.189390e-01 9.274510e-01 9.351127e-01 9.392427e-01 9.710191e-01 9.962409e-01 1.024221e+00 1.051131e+00 1.074808e+00 1.148425e+00 1.229368e+00 1.354682e+00 
90 1171 7.078953e-02 1.352253e+00 7.508501e-01 7.508501e-01 7.947805e-01 7.995036e-01 8.024543e-01 8.208190e-01 8.246179e-01 8.429809e-01 8.512475e-01 8.570195e-01 8.704376e-01 8.757318e-01 8.958304e-01 9.159633e-01 9.267535e-01 9.343810e-01 9.389221e-01 9.690549e-01 9.939664e-01 1.022763e+00 1.049965e+00 1.072083e+00 1.153408e+00 1.228739e+00 1.352253e+00 
91 1184 6.964782e-02 1.348703e+00 7.493082e-01 7.493082e-01 7.921093e-01 7.996394e-01 8.041336e-01 8.216549e-01 8.237783e-01 8.419464e-01 8.501456e-01 8.573136e-01 8.697004e-01 8.759616e-01 8.926894e-01 9.165787e-01 9.257321e-01 9.309132e-01 9.561572e-01 9.696103e-01 9.904628e-01 1.021084e+00 1.047105e+00 1.071265e+00 1.158414e+00 1.226645e+00 1.348703e+00 
92 1197 6.513280e-02 1.346723e+00 7.481683e-01 7.481683e-01 7.887552e-01 7.969846e-01 8.018954e-01 8.189447e-01 8.226579e-01 8.383835e-01 8.498623e-01 8.558600e-01 8.714162e-01 8.729061e-01 8.918025e-01 9.136416e-01 9.263806e-01 9.275189e-01 9.572509e-01 9.704125e-01 9.895856e-01 1.018868e+00 1.043816e+00 1.067582e+00 1.156709e+00 1.227805e+00 1.346723e+00 
93 1210 6.258559e-02 1.342278e+00 7.453613e-01 7.453613e-01 7.877452e-01 7.934654e-01 8.009154e-01 8.198035e-01 8.211995e-01 8.395699e-01 8.473301e-01 8.535172e-01 8.692967e-01 8.720748e-01 8.925960e-01 9.129808e-01 9.237206e-01 9.301602e-01 9.563302e-01 9.666759e-01 9.876964e-01 1.018832e+00 1.040275e+00 1.065870e+00 1.162020e+00 1.222842e+00 1.342278e+00 
94 1223 6.094316e-02 1.339256e+00 7.428703e-01 7.428703e-01 7.882907e-01 7.926532e-01 7.986687e-01 8.166601e-01 8.199297e-01 8.399976e-01 8.443827e-01 8.519389e-01 8.668836e-01 8.775405e-01 8.908513e-01 9.126739e-01 9.295724e-01 9.303066e-01 9.569079e-01 9.652663e-01 9.849722e-01 1.017403e+00 1.039066e+00 1.063462e+00 1.159159e+00 1.219612e+00 1.339256e+00 
95 1236 5.993245e-02 1.334215e+00 7.411552e-01 7.411552e-01 7.860958e-01 7.939834e-01 7.978849e-01 8.136955e-01 8.216076e-01 8.371618e-01 8.456148e-01 8.491560e-01 8.632576e-01 8.818287e-01 8.870757e-01 9.087847e-01 9.269982e-01 9.321391e-01 9.556170e-01 9.728959e-01 9.816655e-01 1.016639e+00 1.040656e+00 1.064859e+00 1.158314e+00 1.222524e+00 1.334215e+00 
96 1249 5.918095e-02 1.331095e+00 7.385600e-01 7.385600e-01 7.830427e-01 7.919293e-01 7.967787e-01 8.141611e-01 8.201352e-01 8.375859e-01 8.429920e-01 8.485463e-01 8.624149e-01 8.829085e-01 8.911143e-01 9.066851e-01 9.249120e-01 9.414889e-01 9.530015e-01 9.716953e-01 9.775564e-01 1.017175e+00 1.037279e+00 1.061370e+00 1.155256e+00 1.223903e+00 1.331095e+00 
97 1262 5.755019e-02 1.333369e+00 7.360357e-01 7.360357e-01 7.823322e-01 7.908188e-01 7.941131e-01 8.170544e-01 8.176053e-01 8.352149e-01 8.397899e-01 8.454239e-01 8.613118e-01 8.802829e-01 8.898668e-01 9.051710e-01 9.235800e-01 9.434740e-01 9.534211e-01 9.696679e-01 9.741324e-01 1.016814e+00 1.038969e+00 1.058020e+00 1.154195e+00 1.223474e+00 1.333369e+00 
98 1275 5.693962e-02 1.330680e+00 7.338839e-01 7.338839e-01 7.813399e-01 7.876567e-01 7.948124e-01 8.141975e-01 8.183487e-01 8.327408e-01 8.391247e-01 8.439288e-01 8.577710e-01 8.771194e-01 8.877488e-01 9.056986e-01 9.262502e-01 9.502255e-01 9.586659e-01 9.687311e-01 9.768293e-01 1.019864e+00 1.038741e+00 1.055965e+00 1.151233e+00 1.221142e+00 1.330680e+00 
99 1288 5.634591e-02 1.328654e+00 7.327740e-01 7.327740e-01 7.796460e-01 7.857786e-01 7.932473e-01 8.127948e-01 8.196029e-01 8.307003e-01 8.366438e-01 8.437745e-01 8.552118e-01 8.740073e-01 8.850251e-01 9.029725e-01 9.225461e-01 9.525110e-01 9.580462e-01 9.653270e-01 9.791003e-01 1.018127e+00 1.039364e+00 1.058421e+00 1.147598e+00 1.225178e+00 1.328654e+00 
100 1301 5.522663e-02 1.330725e+00 7.298873e-01 7.298873e-01 7.768336e-01 7.854335e-01 7.934316e-01 8.108006e-01 8.161420e-01 8.282622e-01 8.351930e-01 8.428489e-01 8.524204e-01 8.753684e-01 8.829166e-01 8.999245e-01 9.187304e-01 9.531723e-01 9.552489e-01 9.662951e-01 9.837054e-01 1.017586e+00 1.037461e+00 1.058915e+00 1.143131e+00 1.233305e+00 1.330725e+00 
101 1314 5.297082e-02 1.327254e+00 7.276711e-01 7.276711e-01 7.759693e-01 7.835597e-01 7.919864e-01 8.097730e-01 8.151359e-01 8.301260e-01 8.344937e-01 8.413988e-01 8.508386e-01 8.759296e-01 8.803022e-01 8.984023e-01 9.190326e-01 9.497293e-01 9.530581e-01 9.642387e-01 9.829301e-01 1.014030e+00 1.035411e+00 1.058580e+00 1.139411e+00 1.236229e+00 1.327254e+00 
102 1327 5.233479e-02 1.326698e+00 7.252029e-01 7.252029e-01 7.728585e-01 7.807758e-01 7.894194e-01 8.066224e-01 8.163972e-01 8.266745e-01 8.339501e-01 8.397962e-01 8.509510e-01 8.735654e-01 8.800951e-01 8.953963e-01 9.178653e-01 9.468854e-01 9.543159e-01 9.644234e-01 9.865695e-01 1.012161e+00 1.042549e+00 1.059057e+00 1.134750e+00 1.235321e+00 1.326698e+00 
103 1340 5.041333e-02 1.326843e+00 7.223753e-01 7.223753e-01 7.726310e-01 7.786032e-01 7.863311e-01 8.053578e-01 8.186159e-01 8.234693e-01 8.310548e-01 8.387014e-01 8.548555e-01 8.731842e-01 8.787836e-01 8.939448e-01 9.165227e-01 9.438187e-01 9.513931e-01 9.647152e-01 9.875242e-01 1.008963e+00 1.042619e+00 1.062292e+00 1.132808e+00 1.234393e+00 1.326843e+00 
104 1353 5.048759e-02 1.334021e+00 7.196187e-01 7.196187e-01 7.711321e-01 7.762870e-01 7.847210e-01 8.064266e-01 8.163189e-01 8.204386e-01 8.303535e-01 8.384699e-01 8.566883e-01 8.716189e-01 8.791370e-01 8.899105e-01 9.169650e-01 9.408016e-01 9.497850e-01 9.627547e-01 9.860609e-01 1.008022e+00 1.042005e+00 1.078028e+00 1.135401e+00 1.232537e+00 1.334021e+00 
105 1366 4.955954e-02 1.337930e+00 7.171352e-01 7.171352e-01 7.690938e-01 7.732683e-01 7.822707e-01 8.036887e-01 8.132086e-01 8.177735e-01 8.305630e-01 8.379640e-01 8.549810e-01 8.715888e-01 8.801587e-01 8.929420e-01 9.179751e-01 9.385788e-01 9.469078e-01 9.588233e-01 9.850974e-01 1.004543e+00 1.038436e+00 1.081047e+00 1.134543e+00 1.239062e+00 1.337930e+00 
106 1379 4.928442e-02 1.336322e+00 7.146680e-01 7.146680e-01 7.668668e-01 7.706992e-01 7.793972e-01 8.022297e-01 8.103023e-01 8.213560e-01 8.276848e-01 8.345958e-01 8.561378e-01 8.694289e-01 8.789056e-01 8.943728e-01 9.158761e-01 9.397208e-01 9.463226e-01 9.647400e-01 9.823422e-01 1.002484e+00 1.034616e+00 1.077259e+00 1.146592e+00 1.241350e+00 1.336322e+00 
107 1392 4.919897e-02 1.338591e+00 7.119017e-01 7.119017e-01 7.658168e-01 7.734567e-01 7.780361e-01 7.994903e-01 8.094400e-01 8.181677e-01 8.269817e-01 8.364767e-01 8.535267e-01 8.666606e-01 8.777387e-01 8.964945e-01 9.207750e-01 9.456006e-01 9.503927e-01 9.639493e-01 9.818322e-01 1.004443e+00 1.031499e+00 1.076896e+00 1.147069e+00 1.242602e+00 1.338591e+00 
108 1405 4.905805e-02 1.335768e+00 7.089100e-01 7.089100e-01 7.660940e-01 7.727998e-01 7.751488e-01 7.960532e-01 8.093282e-01 8.159495e-01 8.303742e-01 8.345843e-01 8.518835e-01 8.640001e-01 8.874108e-01 9.009470e-01 9.236193e-01 9.447219e-01 9.514501e-01 9.663627e-01 9.796592e-01 1.005346e+00 1.029907e+00 1.076128e+00 1.150127e+00 1.241938e+00 1.335768e+00 
109 1418 4.761848e-02 1.341606e+00 7.057581e-01 7.057581e-01 7.634925e-01 7.714700e-01 7.759156e-01 7.943676e-01 8.113888e-01 8.126753e-01 8.310037e-01 8.326700e-01 8.491986e-01 8.630108e-01 8.923130e-01 9.007408e-01 9.231488e-01 9.425602e-01 9.523597e-01 9.649742e-01 9.766011e-01 1.006279e+00 1.026841e+00 1.075939e+00 1.149303e+00 1.245823e+00 1.341606e+00 
110 1431 4.730715e-02 1.351378e+00 7.034134e-01 7.034134e-01 7.620653e-01 7.701094e-01 7.747756e-01 7.927393e-01 8.087837e-01 8.123076e-01 8.300405e-01 8.315083e-01 8.514450e-01 8.683905e-01 8.889941e-01 9.012963e-01 9.195321e-01 9.423125e-01 9.489518e-01 9.670556e-01 9.733592e-01 1.006155e+00 1.028497e+00 1.074812e+00 1.146567e+00 1.244589e+00 1.351378e+00 
111 1444 4.735443e-02 1.356250e+00 7.017985e-01 7.017985e-01 7.611603e-01 7.680063e-01 7.753805e-01 7.903376e-01 8.056977e-01 8.097424e-01 8.270281e-01 8.296151e-01 8.530960e-01 8.688058e-01 8.887186e-01 8.989649e-01 9.171754e-01 9.399042e-01 9.524513e-01 9.649703e-01 9.765037e-01 1.010143e+00 1.030854e+00 1.072874e+00 1.142388e+00 1.244846e+00 1.356250e+00 
112 1457 4.596650e-02 1.358990e+00 6.997756e-01 6.997756e-01 7.583954e-01 7.649375e-01 7.734707e-01 7.881546e-01 8.033678e-01 8.087354e-01 8.247363e-01 8.274877e-01 8.508345e-01 8.674047e-01 8.876430e-01 8.978790e-01 9.192198e-01 9.407638e-01 9.503640e-01 9.623548e-01 9.750552e-01 1.017708e+00 1.028409e+00 1.070421e+00 1.141236e+00 1.240569e+00 1.358990e+00 
113 1470 4.378816e-02 1.359853e+00 6.969234e-01 6.969234e-01 7.565681e-01 7.617322e-01 7.712937e-01 7.850658e-01 8.016105e-01 8.065198e-01 8.219330e-01 8.244347e-01 8.477580e-01 8.673575e-01 8.841880e-01 8.956613e-01 9.195316e-01 9.383968e-01 9.469849e-01 9.598694e-01 9.764512e-01 1.018464e+00 1.024416e+00 1.067849e+00 1.139604e+00 1.237296e+00 1.359853e+00 
114 1483 4.194298e-02 1.356852e+00 6.940736e-01 6.940736e-01 7.565053e-01 7.592974e-01 7.687179e-01 7.830818e-01 8.011132e-01 8.045223e-01 8.192307e-01 8.255180e-01 8.477678e-01 8.661460e-01 8.857206e-01 8.932115e-01 9.207447e-01 9.343596e-01 9.440316e-01 9.590722e-01 9.773350e-01 1.019718e+00 1.020964e+00 1.068687e+00 1.136161e+00 1.237421e+00 1.356852e+00 
115 1496 4.051097e-02 1.353847e+00 6.918653e-01 6.918653e-01 7.539376e-01 7.573030e-01 7.676683e-01 7.825929e-01 7.991695e-01 8.034511e-01 8.162667e-01 8.241048e-01 8.525247e-01 8.673923e-01 8.843497e-01 8.913639e-01 9.186640e-01 9.330925e-01 9.419694e-01 9.582714e-01 9.769108e-01 1.020401e+00 1.022426e+00 1.068394e+00 1.132162e+00 1.242710e+00 1.353847e+00 
116 1509 3.815652e-02 1.358255e+00 6.904749e-01 6.904749e-01 7.506367e-01 7.584556e-01 7.647179e-01 7.808796e-01 7.961904e-01 8.021711e-01 8.128844e-01 8.231456e-01 8.538334e-01 8.637648e-01 8.827004e-01 8.885784e-01 9.152941e-01 9.306145e-01 9.401330e-01 9.563653e-01 9.769043e-01 1.017991e+00 1.020701e+00 1.066747e+00 1.127651e+00 1.244973e+00 1.358255e+00 
117 1522 3.652907e-02 1.354200e+00 6.881196e-01 6.881196e-01 7.502573e-01 7.563384e-01 7.626155e-01 7.812103e-01 7.933083e-01 7.993742e-01 8.107203e-01 8.240277e-01 8.553818e-01 8.623224e-01 8.808174e-01 8.863990e-01 9.204629e-01 9.322120e-01 9.417314e-01 9.540448e-01 9.823055e-01 1.014992e+00 1.022650e+00 1.063620e+00 1.134763e+00 1.241241e+00 1.354200e+00 
118 1535 3.516582e-02 1.360646e+00 6.853404e-01 6.853404e-01 7.498871e-01 7.531345e-01 7.603253e-01 7.798879e-01 7.910643e-01 7.979159e-01 8.086872e-01 8.229970e-01 8.518020e-01 8.658811e-01 8.785486e-01 8.846301e-01 9.176287e-01 9.311282e-01 9.399625e-01 9.545975e-01 9.813974e-01 1.013393e+00 1.022831e+00 1.065263e+00 1.136195e+00 1.246174e+00 1.360646e+00 
119 1548 3.447879e-02 1.360083e+00 6.825695e-01 6.825695e-01 7.490854e-01 7.516614e-01 7.576888e-01 7.832060e-01 7.924705e-01 8.018006e-01 8.105543e-01 8.217430e-01 8.506684e-01 8.653657e-01 8.752977e-01 8.830031e-01 9.168378e-01 9.354849e-01 9.377060e-01 9.532552e-01 9.823407e-01 1.010763e+00 1.024485e+00 1.061389e+00 1.148833e+00 1.242972e+00 1.360083e+00 
120 1561 3.344058e-02 1.356928e+00 6.812222e-01 6.812222e-01 7.473594e-01 7.514147e-01 7.556971e-01 7.821213e-01 7.925393e-01 7.991313e-01 8.083249e-01 8.210182e-01 8.505580e-01 8.655112e-01 8.748123e-01 8.807361e-01 9.164828e-01 9.358673e-01 9.383717e-01 9.492001e-01 9.842196e-01 1.006477e+00 1.020470e+00 1.063421e+00 1.151658e+00 1.239251e+00 1.356928e+00 
121 1574 3.236876e-02 1.356524e+00 6.791019e-01 6.791019e-01 7.452185e-01 7.487284e-01 7.555945e-01 7.820387e-01 7.907548e-01 7.966189e-01 8.061644e-01 8.199859e-01 8.490484e-01 8.649889e-01 8.714014e-01 8.778570e-01 9.161931e-01 9.334282e-01 9.378290e-01 9.526651e-01 9.797826e-01 1.004139e+00 1.017004e+00 1.066316e+00 1.155696e+00 1.236843e+00 1.356524e+00 
122 1587 3.054047e-02 1.354691e+00 6.788358e-01 6.788358e-01 7.437536e-01 7.471668e-01 7.531031e-01 7.794605e-01 7.883807e-01 7.955641e-01 8.055451e-01 8.183985e-01 8.491233e-01 8.637564e-01 8.689137e-01 8.776920e-01 9.142728e-01 9.317076e-01 9.367986e-01 9.542691e-01 9.785458e-01 1.002488e+00 1.015687e+00 1.065534e+00 1.156705e+00 1.233894e+00 1.354691e+00 
123 1600 2.980044e-02 1.356827e+00 6.765440e-01 6.765440e-01 7.414893e-01 7.498205e-01 7.538254e-01 7.826757e-01 7.903178e-01 7.983852e-01 8.041396e-01 8.178568e-01 8.544757e-01 8.664762e-01 8.678411e-01 8.783077e-01 9.143161e-01 9.279565e-01 9.355508e-01 9.582678e-01 9.751944e-01 1.004842e+00 1.015799e+00 1.061371e+00 1.156266e+00 1.229132e+00 1.356827e+00 
124 1613 2.873354e-02 1.352482e+00 6.736380e-01 6.736380e-01 7.394544e-01 7.474390e-01 7.527413e-01 7.836789e-01 7.876966e-01 7.997464e-01 8.021286e-01 8.239082e-01 8.530324e-01 8.654591e-01 8.664019e-01 8.780993e-01 9.111989e-01 9.243492e-01 9.321689e-01 9.550770e-01 9.760363e-01 1.002818e+00 1.011490e+00 1.063463e+00 1.155155e+00 1.224622e+00 1.352482e+00 
125 1626 2.883470e-02 1.350935e+00 6.708867e-01 6.708867e-01 7.376954e-01 7.448339e-01 7.541987e-01 7.806124e-01 7.889300e-01 7.991211e-01 8.080231e-01 8.219623e-01 8.515107e-01 8.642880e-01 8.661841e-01 8.761115e-01 9.098990e-01 9.273528e-01 9.287820e-01 9.590358e-01 9.767085e-01 1.012633e+00 1.017736e+00 1.061408e+00 1.154565e+00 1.220902e+00 1.350935e+00 
126 1639 2.894068e-02 1.345972e+00 6.690528e-01 6.690528e-01 7.355999e-01 7.440862e-01 7.519064e-01 7.794401e-01 7.865053e-01 7.985871e-01 8.074664e-01 8.209032e-01 8.530601e-01 8.628574e-01 8.650128e-01 8.732804e-01 9.074981e-01 9.253795e-01 9.262946e-01 9.603542e-01 9.744818e-01 1.009084e+00 1.031262e+00 1.058746e+00 1.151449e+00 1.220670e+00 1.345972e+00 
127 1652 2.821416e-02 1.347051e+00 6.678252e-01 6.678252e-01 7.334426e-01 7.421809e-01 7.522246e-01 7.763212e-01 7.831540e-01 7.954964e-01 8.049642e-01 8.234883e-01 8.504655e-01 8.599856e-01 8.684022e-01 8.707673e-01 9.043882e-01 9.234655e-01 9.280200e-01 9.583722e-01 9.715286e-01 1.007930e+00 1.035132e+00 1.058708e+00 1.152070e+00 1.221293e+00 1.347051e+00 
128 1665 2.769019e-02 1.343591e+00 6.657080e-01 6.657080e-01 7.325170e-01 7.403870e-01 7.507785e-01 7.743943e-01 7.868757e-01 7.937619e-01 8.037846e-01 8.208138e-01 8.487127e-01 8.571806e-01 8.661250e-01 8.694963e-01 9.038120e-01 9.217725e-01 9.283761e-01 9.558252e-01 9.681810e-01 1.006966e+00 1.036032e+00 1.059134e+00 1.149050e+00 1.233684e+00 1.343591e+00 
129 1678 2.599750e-02 1.348543e+00 6.633330e-01 6.633330e-01 7.297346e-01 7.391601e-01 7.499217e-01 7.726552e-01 7.843488e-01 7.916718e-01 8.007069e-01 8.176231e-01 8.465004e-01 8.553062e-01 8.630769e-01 8.683315e-01 9.007392e-01 9.192417e-01 9.275946e-01 9.562094e-01 9.673255e-01 1.002654e+00 1.035927e+00 1.055632e+00 1.144521e+00 1.233242e+00 1.348543e+00 
130 1691 2.473785e-02 1.353145e+00 6.615041e-01 6.615041e-01 7.307585e-01 7.375713e-01 7.506304e-01 7.704933e-01 7.836731e-01 7.899779e-01 8.002244e-01 8.186513e-01 8.439961e-01 8.524951e-01 8.604883e-01 8.685533e-01 9.008314e-01 9.177532e-01 9.238528e-01 9.562593e-01 9.659680e-01 1.000111e+00 1.033165e+00 1.053262e+00 1.139764e+00 1.230775e+00 1.353145e+00 
131 1704 2.394384e-02 1.362572e+00 6.610608e-01 6.610608e-01 7.319867e-01 7.347284e-01 7.492457e-01 7.682696e-01 7.815141e-01 7.900708e-01 7.982865e-01 8.176274e-01 8.427426e-01 8.512140e-01 8.638526e-01 8.700336e-01 8.981536e-01 9.136672e-01 9.252244e-01 9.535078e-01 9.625848e-01 9.974492e-01 1.031688e+00 1.050957e+00 1.138611e+00 1.227391e+00 1.362572e+00 
132 1717 2.357248e-02 1.367455e+00 6.593052e-01 6.593052e-01 7.291889e-01 7.335360e-01 7.469227e-01 7.725720e-01 7.796049e-01 7.891799e-01 7.975092e-01 8.168108e-01 8.403676e-01 8.483642e-01 8.614508e-01 8.706719e-01 8.963062e-01 9.120964e-01 9.237705e-01 9.525189e-01 9.589657e-01 9.992264e-01 1.027904e+00 1.054453e+00 1.135345e+00 1.226699e+00 1.367455e+00 
133 1730 2.306551e-02 1.366429e+00 6.568682e-01 6.568682e-01 7.268022e-01 7.324414e-01 7.478126e-01 7.703666e-01 7.791159e-01 7.883891e-01 7.959394e-01 8.220720e-01 8.384220e-01 8.470639e-01 8.632604e-01 8.682006e-01 8.954625e-01 9.085915e-01 9.248258e-01 9.517236e-01 9.587814e-01 9.960785e-01 1.027656e+00 1.053717e+00 1.131890e+00 1.227289e+00 1.366429e+00 
134 1743 2.245383e-02 1.369280e+00 6.556023e-01 6.556023e-01 7.248911e-01 7.308954e-01 7.466208e-01 7.723304e-01 7.799965e-01 7.868082e-01 7.956090e-01 8.222941e-01 8.360918e-01 8.443408e-01 8.603915e-01 8.778695e-01 8.937139e-01 9.057549e-01 9.209592e-01 9.508731e-01 9.573320e-01 9.940262e-01 1.029108e+00 1.052177e+00 1.130680e+00 1.224670e+00 1.369280e+00 
135 1756 2.143780e-02 1.364880e+00 6.532885e-01 6.532885e-01 7.222730e-01 7.296860e-01 7.456344e-01 7.692382e-01 7.835080e-01 7.863214e-01 7.944698e-01 8.214748e-01 8.342952e-01 8.414153e-01 8.573540e-01 8.777112e-01 8.913245e-01 9.028673e-01 9.186180e-01 9.485970e-01 9.577443e-01 9.904761e-01 1.027931e+00 1.050963e+00 1.130357e+00 1.223323e+00 1.364880e+00 
136 1769 2.163148e-02 1.371942e+00 6.511216e-01 6.511216e-01 7.194324e-01 7.279525e-01 7.435998e-01 7.667247e-01 7.822166e-01 7.902365e-01 7.941686e-01 8.201833e-01 8.317294e-01 8.432169e-01 8.572322e-01 8.767696e-01 8.909363e-01 9.038803e-01 9.200181e-01 9.473082e-01 9.587678e-01 9.964528e-01 1.035823e+00 1.049407e+00 1.135111e+00 1.222592e+00 1.371942e+00 
137 1782 2.204713e-02 1.374405e+00 6.485553e-01 6.485553e-01 7.170745e-01 7.276483e-01 7.405959e-01 7.641356e-01 7.829826e-01 7.893015e-01 7.924432e-01 8.183392e-01 8.308915e-01 8.446582e-01 8.564359e-01 8.761241e-01 8.972846e-01 9.011533e-01 9.169347e-01 9.453652e-01 9.603524e-01 9.954169e-01 1.039609e+00 1.048818e+00 1.133163e+00 1.226932e+00 1.374405e+00 
138 1795 2.267622e-02 1.383578e+00 6.483549e-01 6.483549e-01 7.147697e-01 7.272159e-01 7.394045e-01 7.615685e-01 7.824633e-01 7.864899e-01 7.937582e-01 8.181622e-01 8.309455e-01 8.440438e-01 8.549808e-01 8.742871e-01 8.984133e-01 9.012884e-01 9.167673e-01 9.463283e-01 9.616393e-01 9.933082e-01 1.040155e+00 1.048708e+00 1.133451e+00 1.223739e+00 1.383578e+00 
139 1808 2.348887e-02 1.393439e+00 6.459300e-01 6.459300e-01 7.133025e-01 7.260948e-01 7.408836e-01 7.610195e-01 7.828421e-01 7.844108e-01 7.952420e-01 8.148864e-01 8.305145e-01 8.425640e-01 8.541305e-01 8.741037e-01 8.946877e-01 9.101191e-01 9.150344e-01 9.425382e-01 9.691994e-01 9.985933e-01 1.046418e+00 1.049091e+00 1.134374e+00 1.224537e+00 1.393439e+00 
140 1821 2.365379e-02 1.395999e+00 6.446086e-01 6.446086e-01 7.134459e-01 7.239379e-01 7.394178e-01 7.601214e-01 7.818077e-01 7.856171e-01 7.939345e-01 8.138855e-01 8.279897e-01 8.399728e-01 8.519412e-01 8.708366e-01 8.913407e-01 9.128308e-01 9.163523e-01 9.394044e-01 9.750778e-01 9.958944e-01 1.045509e+00 1.048090e+00 1.129563e+00 1.223818e+00 1.395999e+00 
141 1834 2.410338e-02 1.402904e+00 6.430783e-01 6.430783e-01 7.115748e-01 7.214865e-01 7.367927e-01 7.578239e-01 7.806725e-01 7.856989e-01 7.942504e-01 8.117067e-01 8.275654e-01 8.368838e-01 8.479941e-01 8.681667e-01 8.895646e-01 9.112936e-01 9.306120e-01 9.447470e-01 9.798805e-01 9.950435e-01 1.042562e+00 1.047991e+00 1.125175e+00 1.225233e+00 1.402904e+00 
142 1847 2.402792e-02 1.404603e+00 6.410025e-01 6.410025e-01 7.103568e-01 7.221110e-01 7.347498e-01 7.564478e-01 7.808776e-01 7.842559e-01 7.922531e-01 8.118837e-01 8.254955e-01 8.344201e-01 8.458689e-01 8.661614e-01 8.866903e-01 9.091066e-01 9.285899e-01 9.426664e-01 9.819180e-01 1.006169e+00 1.044693e+00 1.047725e+00 1.120900e+00 1.220316e+00 1.404603e+00 
143 1860 2.343009e-02 1.409992e+00 6.395742e-01 6.395742e-01 7.086204e-01 7.200462e-01 7.314312e-01 7.553238e-01 7.792503e-01 7.820819e-01 7.909594e-01 8.093876e-01 8.244431e-01 8.333547e-01 8.523224e-01 8.674344e-01 8.836087e-01 9.064678e-01 9.262746e-01 9.437022e-01 9.851373e-01 1.005703e+00 1.044844e+00 1.047210e+00 1.122445e+00 1.216530e+00 1.409992e+00 
144 1873 2.240690e-02 1.406666e+00 6.369354e-01 6.369354e-01 7.069445e-01 7.176891e-01 7.289563e-01 7.525450e-01 7.773105e-01 7.805750e-01 7.891611e-01 8.108870e-01 8.220108e-01 8.299182e-01 8.493468e-01 8.700621e-01 8.827806e-01 9.026527e-01 9.262746e-01 9.423165e-01 9.836631e-01 1.008319e+00 1.043156e+00 1.046786e+00 1.118499e+00 1.216707e+00 1.406666e+00 
145 1886 2.165833e-02 1.411175e+00 6.352947e-01 6.352947e-01 7.073012e-01 7.158904e-01 7.270174e-01 7.519449e-01 7.752357e-01 7.796663e-01 7.867921e-01 8.094619e-01 8.193968e-01 8.331065e-01 8.461091e-01 8.688521e-01 8.793224e-01 9.034086e-01 9.270719e-01 9.437830e-01 9.819393e-01 1.006030e+00 1.039129e+00 1.046012e+00 1.116962e+00 1.216900e+00 1.411175e+00 
146 1899 2.102153e-02 1.409191e+00 6.331186e-01 6.331186e-01 7.042810e-01 7.149705e-01 7.273566e-01 7.494286e-01 7.724187e-01 7.780224e-01 7.856866e-01 8.063753e-01 8.175315e-01 8.309777e-01 8.443579e-01 8.692358e-01 8.768725e-01 9.033908e-01 9.240835e-01 9.496478e-01 9.798208e-01 1.004088e+00 1.039495e+00 1.044916e+00 1.129026e+00 1.216149e+00 1.409191e+00 
147 1912 2.103846e-02 1.411977e+00 6.305396e-01 6.305396e-01 7.025546e-01 7.139353e-01 7.302314e-01 7.472729e-01 7.702153e-01 7.818683e-01 7.863044e-01 8.054320e-01 8.190727e-01 8.295072e-01 8.419738e-01 8.686866e-01 8.763859e-01 9.021352e-01 9.222670e-01 9.498874e-01 9.816391e-01 1.003514e+00 1.036347e+00 1.044265e+00 1.130963e+00 1.220667e+00 1.411977e+00 
148 1925 2.088738e-02 1.414109e+00 6.299688e-01 6.299688e-01 7.033715e-01 7.135500e-01 7.288832e-01 7.474007e-01 7.673283e-01 7.810160e-01 7.838866e-01 8.052758e-01 8.197071e-01 8.321901e-01 8.386687e-01 8.663637e-01 8.813167e-01 8.985901e-01 9.232650e-01 9.508427e-01 9.797406e-01 1.003602e+00 1.032844e+00 1.046075e+00 1.137733e+00 1.219597e+00 1.414109e+00 
149 1938 2.024052e-02 1.413840e+00 6.272769e-01 6.272769e-01 7.016869e-01 7.116943e-01 7.261457e-01 7.450874e-01 7.660226e-01 7.785482e-01 7.825109e-01 8.023513e-01 8.190588e-01 8.334274e-01 8.363653e-01 8.653964e-01 8.794827e-01 9.014254e-01 9.211680e-01 9.515873e-01 9.775443e-01 1.001659e+00 1.030212e+00 1.044878e+00 1.139614e+00 1.217837e+00 1.413840e+00 
150 1951 1.962761e-02 1.411313e+00 6.267518e-01 6.267518e-01 6.995305e-01 7.118443e-01 7.266526e-01 7.461826e-01 7.628022e-01 7.786660e-01 7.817222e-01 8.126115e-01 8.169286e-01 8.304791e-01 8.333688e-01 8.636495e-01 8.776166e-01 8.983904e-01 9.241585e-01 9.502552e-01 9.757385e-01 9.983293e-01 1.030547e+00 1.043993e+00 1.141381e+00 1.213890e+00 1.411313e+00 
151 1964 1.927738e-02 1.405558e+00 6.245795e-01 6.245795e-01 6.971300e-01 7.161635e-01 7.238248e-01 7.447887e-01 7.615123e-01 7.759796e-01 7.805050e-01 8.107706e-01 8.151612e-01 8.305017e-01 8.342056e-01 8.605323e-01 8.764317e-01 8.981716e-01 9.255606e-01 9.480839e-01 9.762623e-01 9.984204e-01 1.027432e+00 1.049850e+00 1.142695e+00 1.213037e+00 1.405558e+00 
152 1977 1.932337e-02 1.399518e+00 6.230945e-01 6.230945e-01 6.939913e-01 7.150856e-01 7.222872e-01 7.420495e-01 7.583862e-01 7.757730e-01 7.791393e-01 8.078928e-01 8.128555e-01 8.278291e-01 8.423453e-01 8.596104e-01 8.750112e-01 8.984745e-01 9.216263e-01 9.492598e-01 9.746423e-01 9.963807e-01 1.028034e+00 1.068394e+00 1.139417e+00 1.215117e+00 1.399518e+00 
153 1990 1.883748e-02 1.393959e+00 6.225855e-01 6.225855e-01 6.925488e-01 7.138600e-01 7.209736e-01 7.402245e-01 7.552329e-01 7.736242e-01 7.780956e-01 8.058978e-01 8.109094e-01 8.282741e-01 8.415104e-01 8.597757e-01 8.737964e-01 8.975727e-01 9.196405e-01 9.497295e-01 9.710029e-01 9.945656e-01 1.025907e+00 1.075668e+00 1.136823e+00 1.214675e+00 1.393959e+00 
154 2003 1.844762e-02 1.391387e+00 6.224823e-01 6.224823e-01 6.904948e-01 7.166759e-01 7.197113e-01 7.371979e-01 7.540776e-01 7.741877e-01 7.792808e-01 8.027117e-01 8.076097e-01 8.252140e-01 8.419735e-01 8.567838e-01 8.732121e-01 8.945122e-01 9.179999e-01 9.535244e-01 9.716474e-01 9.920628e-01 1.025929e+00 1.079388e+00 1.134600e+00 1.212375e+00 1.391387e+00 
